抓取时间,bond_id,bond_nm,bond_py,price,increase_rt,stock_id,stock_nm,stock_py,sprice,sincrease_rt,pb,convert_price,convert_value,convert_begin,premium_rt,dblow,sw_cd,sw_name,market_cd,btype,list_dt,t_flag,owned,hold,bond_value,rating_cd,option_value,put_convert_price,force_redeem_price,convert_amt_ratio,fund_rt,maturity_dt,year_left,curr_iss_amt,volume,svolume,turnover_rt,ytm_rt,put_ytm_rt,noted,last_time,qstatus,sqflag,pb_flag,adj_cnt,adj_scnt,convert_price_valid,convert_price_tips,convert_cd_tip,ref_yield_info,adjusted,orig_iss_amt,price_tips,redeem_dt,real_force_redeem_price,option_tip,after_next_put_dt,icons,is_min_price,blocked,putting,force_redeem_price_tip,notes,volatility_rate,debt_rate
2026-09-14 14:19:48,123285,润禾转02,rhz02,100.0,0.0,300727,润禾材料,rhcl,31.72,6.87,4.22,31.1,101.99,183,-1.95,98.05,220316,基础化工,szcy,C,,[],0,0,buy,A+,,21.77,40.43,7.2,buy,2032-09-09,5.992,3.7,0.0,23027.47,0.0,2.83,,0,,00,Y,N,0,0,Y,,未到转股期；2027-03-16 开始转股,计算使用6.0年期 评级为A+ 债参考YTM：5.2516,N,3.7,待上市,,,,0,[],0,0,N,,,buy,buy
2026-09-14 14:19:48,110077,洪城转债,hczz,207.005,1.67,600461,洪城环境,hchj,9.14,1.78,1.18,4.41,207.26,0,-0.12,206.89,760102,环保,shmb,C,2020-12-17,[],0,0,buy,AA+,,3.087,5.733,4.6,buy,2026-11-20,0.184,5.468,9015.4,14214.58,8.01,-259.19,,0,15:00:00,00,Y,N,0,0,Y,,2021-05-26 开始转股,计算使用0.2年期 评级为AA+ 债参考YTM：1.4898,N,18.0,全价：207.005 最后更新：15:00:00,,,,1,"{'G': '本次（2026年7月12日至2026年7月31日）不提前赎回，至到期日止均不行使提前赎回权利', 'M': ''}",0,0,N,,,buy,buy
2026-09-14 14:19:48,113042,上银转债,syzz,118.186,0.4,601229,上海银行,shyh,9.77,0.51,0.52,8.35,117.01,0,1.01,119.2,480401,银行,shmb,C,2021-02-10,[],0,0,buy,AAA,,,10.855,14.4,buy,2027-01-25,0.364,199.774,27610.98,46301.06,1.17,-14.36,,0,14:59:57,00,Y,Y,0,0,Y,,2021-07-29 开始转股,计算使用0.4年期 评级为AAA 债参考YTM：1.4817,N,200.0,全价：118.186 最后更新：14:59:57,,,,0,{'M': ''},0,0,N,,,buy,buy
2026-09-14 14:19:48,113046,金田转债,jtzz,130.375,0.76,601609,金田股份,jtgf,13.14,2.74,2.19,10.18,129.08,0,1.01,131.39,240302,有色金属,shmb,C,2021-04-12,[],0,0,buy,AA+,,7.126,13.234,6.6,buy,2027-03-22,0.518,14.991,27890.66,50716.05,14.26,-30.18,,0,14:59:56,00,Y,N,0,0,Y,,2021-09-27 开始转股,计算使用0.6年期 评级为AA+ 债参考YTM：1.5320,N,15.0,全价：130.375 最后更新：14:59:56,,,,1,{'M': ''},0,0,N,,,buy,buy
2026-09-14 14:19:48,123243,严牌转债,ypzz,236.386,2.44,301081,严牌股份,ypgf,16.79,3.01,3.42,7.22,232.55,0,1.65,238.04,760201,环保,szcy,C,2024-07-26,[],0,0,buy,A+,,5.054,9.386,6.8,buy,2030-07-10,3.822,2.558,70928.58,10529.64,118.65,-16.79,,0,15:34:18,00,Y,N,0,0,Y,,2025-01-16 开始转股,计算使用3.9年期 评级为A+ 债参考YTM：4.6278,N,4.679,全价：236.386 最后更新：15:34:18,,,,0,{'M': ''},0,0,N,,,buy,buy
2026-09-14 14:19:48,123091,长海转债,chzz,138.79,4.95,300196,长海股份,chgf,20.15,7.24,1.71,14.79,136.24,0,1.87,140.66,610202,建筑材料,szcy,C,2021-01-15,[],0,0,buy,AA,,10.353,19.227,11.0,buy,2026-12-23,0.274,5.46,158978.75,93761.99,213.08,-73.83,,0,15:34:51,00,Y,N,0,0,Y,,2021-06-29 开始转股,计算使用0.3年期 评级为AA 债参考YTM：1.5026,N,5.5,全价：138.790 最后更新：15:34:51,,,,1,[],0,0,N,,,buy,buy
2026-09-14 14:19:48,123258,胜蓝转02,slz2,249.5,3.31,300843,胜蓝股份,slgf,132.88,3.35,12.61,54.36,244.44,0,2.07,251.57,270504,电子,szcy,C,2025-09-10,[],0,0,buy,AA-,,38.052,70.668,2.1,buy,2031-08-28,,4.49,145959.35,85477.19,131.5,,,0,15:34:33,00,Y,N,0,0,Y,,2026-03-03 开始转股,强赎登记日2026-09-29，赎回价格100.0500元，如不考虑强赎纯债价值为104.93元，计算使用5.0年期 评级为AA- 债参考YTM：2.3661,N,4.5,全价：249.500 最后更新：15:34:33,2026-09-29,100.0500,如不考虑强赎期权价值为189.94元,0,"{'R': '最后交易日 2026年9月29日\r\n最后转股日 2026年10月9日\r\n赎回价 100.05元/张', 'M': ''}",0,0,N,,,buy,buy
2026-09-14 14:19:48,113056,重银转债,cyzz,127.361,0.44,601963,重庆银行,cqyh,11.42,1.69,0.61,9.22,123.86,0,2.83,130.19,480401,银行,shmb,C,2022-04-14,[],0,0,buy,AAA,,,11.986,49.8,buy,2028-03-23,1.523,115.622,15831.61,14388.47,1.07,-7.94,,0,14:59:32,00,Y,N,0,0,Y,,2022-09-30 开始转股,计算使用1.6年期 评级为AAA 债参考YTM：1.5450,N,130.0,全价：127.361 最后更新：14:59:32,,,,0,{'M': ''},0,0,N,,,buy,buy
2026-09-14 14:19:48,127047,帝欧转债,dozz,135.388,-0.08,002798,帝欧水华,dosh,6.66,-0.3,1.91,5.1,130.59,0,3.68,139.07,360306,轻工制造,szmb,C,2021-11-26,[],0,0,buy,BBB+,,3.57,6.63,13.5,buy,2027-10-25,1.112,4.654,4515.36,7225.66,7.16,-12.47,,0,15:34:48,00,Y,N,1,1,Y,转股价下修1次，成功下修1次,2022-04-29 开始转股,计算使用1.2年期 评级为BBB+ 债参考YTM：11.9277,N,15.0,全价：135.388 最后更新：15:34:48,,,,1,[],0,0,N,,,buy,buy
2026-09-14 14:19:48,113605,大参转债,dszz,113.149,1.04,603233,大参林,dsl,18.25,3.11,2.69,16.86,108.24,0,4.53,117.68,370403,医药生物,shmb,C,2020-11-13,[],0,0,buy,AA,,11.802,21.918,6.8,buy,2026-10-22,0.104,14.044,3180.07,10249.85,2.01,-27.45,,0,14:59:57,00,Y,N,1,1,Y,转股价下修1次，成功下修1次,2021-04-28 开始转股,计算使用0.2年期 评级为AA 债参考YTM：1.4998,N,14.05,全价：113.149 最后更新：14:59:57,,,,1,{'M': ''},0,0,N,,,buy,buy
2026-09-14 14:19:48,113062,常银转债,cyzz,129.21,0.36,601128,常熟银行,csyh,6.46,0.78,0.7,5.25,123.05,0,5.01,134.22,480501,银行,shmb,C,2022-10-17,[],0,0,buy,AAA,,,6.825,25.5,buy,2028-09-15,2.006,59.994,9434.85,26539.66,1.22,-8.13,,0,14:59:41,00,Y,N,0,0,Y,,2023-03-21 开始转股,计算使用2.1年期 评级为AAA 债参考YTM：1.5768,N,60.0,全价：129.210 最后更新：14:59:41,,,,0,{'M': ''},0,0,N,,,buy,buy
2026-09-14 14:19:48,128134,鸿路转债,hlzz,113.645,-0.14,002541,鸿路钢构,hlgg,18.86,0.86,1.3,17.49,107.83,0,5.39,119.04,620401,建筑装饰,szmb,C,2020-11-02,[],0,0,buy,AA,,12.243,22.737,13.3,buy,2026-10-09,0.069,12.849,3319.91,16900.72,2.26,-48.74,,0,15:34:51,00,Y,N,2,2,Y,转股价下修2次，成功下修2次,2021-04-15 开始转股,计算使用0.1年期 评级为AA 债参考YTM：1.4976,N,18.8,全价：113.645 最后更新：15:34:51,,,,0,"{'R': '到期\n最后交易日：2026-09-28\n最后转股日：2026-10-08\n债券到期日：2026-10-09\n到期赎回价：110.000元/张', 'M': ''}",0,0,N,,,buy,buy
2026-09-14 14:19:48,127061,美锦转债,mjzz,112.502,0.02,000723,美锦能源,mjny,3.65,-2.93,1.29,3.47,105.19,0,6.95,119.45,740201,煤炭,szmb,C,2022-05-30,[],0,0,buy,A,,2.429,4.511,17.3,buy,2028-04-20,1.6,27.742,7969.9,26019.42,2.56,4.45,,0,15:34:00,00,Y,N,2,2,Y,转股价下修2次，成功下修2次,2022-10-26 开始转股,计算使用1.6年期 评级为A 债参考YTM：6.5741,N,35.9,全价：112.502 最后更新：15:34:00,,,,1,{'M': ''},0,0,N,,,buy,buy
2026-09-14 14:19:48,111000,起帆转债,qfzz,139.79,-1.11,605222,起帆电缆,qfdl,22.48,-0.62,1.89,17.29,130.02,0,7.52,147.31,630805,电力设备,shmb,C,2021-06-17,[],0,0,buy,AA-,,12.103,22.477,10.8,buy,2027-05-24,0.69,9.991,17386.3,17319.07,12.41,-25.69,,0,14:59:54,00,Y,N,1,1,Y,转股价下修1次，成功下修1次,2021-11-29 开始转股,计算使用0.7年期 评级为AA- 债参考YTM：1.7432,N,10.0,全价：139.790 最后更新：14:59:54,,,,1,{'G': '本次（2026年3月13日至2026年4月20日）不提前赎回，以2026年10月21日为首个交易日重新起算'},0,0,N,,,buy,buy
2026-09-14 14:19:48,127080,声迅转债,sxzz,244.49,-11.21,003004,声迅股份,sxgf,65.25,-10.0,7.74,28.94,225.47,0,8.44,252.93,710102,计算机,szmb,C,2023-02-10,[],0,0,buy,A,,20.258,37.622,6.2,buy,2028-12-30,2.296,2.793,79294.71,28340.08,110.53,-27.34,,0,15:34:00,00,Y,N,0,0,Y,,2023-07-07 开始转股,计算使用2.3年期 评级为A 债参考YTM：6.6982,N,2.8,全价：244.490 最后更新：15:34:00,,,,0,[],0,0,N,,,buy,buy
2026-09-14 14:19:48,113615,金诚转债,jczz,730.965,-0.47,603979,金诚信,jcx,73.86,-1.52,3.72,11.12,664.21,0,10.05,741.02,240302,有色金属,shmb,C,2021-01-14,[],0,0,buy,AA,,7.784,14.456,1.1,buy,2026-12-23,0.274,4.958,30803.22,40700.5,8.48,-312.23,,0,14:59:58,00,Y,N,0,0,Y,,2021-06-29 开始转股,计算使用0.3年期 评级为AA 债参考YTM：1.5026,N,10.0,全价：730.965 最后更新：14:59:58,,,,1,"{'G': '本次（2025年10月10日至2025年10月30日）不提前赎回，至2026年12月22日到期均不提前赎回', 'M': ''}",0,0,N,,,buy,buy
2026-09-14 14:19:48,113043,财通转债,ctzz,113.8,-0.53,601108,财通证券,ctzq,8.25,0.61,0.97,7.98,103.38,0,10.08,123.88,490101,非银金融,shmb,C,2020-12-28,[],0,0,buy,AAA,,,10.374,9.9,buy,2026-12-10,0.238,37.992,15779.57,35694.17,3.65,-29.09,,0,14:59:55,00,Y,Y,1,1,Y,转股价下修1次，成功下修1次,2021-06-16 开始转股,计算使用0.3年期 评级为AAA 债参考YTM：1.4700,N,38.0,全价：113.800 最后更新：14:59:55,,,,0,{'M': ''},0,0,N,,,buy,buy
2026-09-14 14:19:48,111015,东亚转债,dyzz,135.711,1.81,605177,东亚药业,dyyy,25.0,6.07,1.68,20.28,123.27,0,10.09,145.8,370101,医药生物,shmb,C,2023-08-02,[],0,0,buy,A+,,14.196,26.364,23.4,buy,2029-07-06,2.811,6.662,10125.57,24971.51,11.26,-4.78,,0,14:59:54,00,Y,N,1,1,Y,转股价下修1次，成功下修1次,2024-01-12 开始转股,计算使用2.9年期 评级为A+ 债参考YTM：4.4892,N,6.9,全价：135.711 最后更新：14:59:54,,,,0,[],0,0,N,,,buy,buy
2026-09-14 14:19:48,123245,集智转债,jzzz,339.63,4.17,300553,集智股份,jzgf,55.65,7.33,7.3,18.06,308.14,0,10.22,349.85,640107,机械设备,szcy,C,2024-08-28,[],0,0,buy,A,,12.642,23.478,3.2,buy,2030-08-14,3.918,1.537,145291.03,39265.82,280.45,-23.62,,0,15:34:18,00,Y,N,0,0,Y,,2025-02-20 开始转股,计算使用4.0年期 评级为A 债参考YTM：6.9898,N,2.546,全价：339.630 最后更新：15:34:18,,,,0,{'G': '本次（2026年6月2日至2026年6月23日）不提前赎回，自2026年9月23日后首个交易日重新计算'},0,0,N,,,buy,buy
2026-09-14 14:19:48,113681,镇洋转债,zyzz,137.771,0.43,603213,镇洋发展,zyfz,13.57,-0.22,3.25,10.95,123.93,0,11.17,148.94,220202,基础化工,shmb,C,2024-01-17,[],0,0,buy,AA-,,7.665,14.235,9.1,buy,2029-12-29,3.293,5.476,2908.02,1556.44,3.86,-4.36,,0,15:00:00,00,Y,N,0,0,Y,,2024-07-05 开始转股,计算使用3.3年期 评级为AA- 债参考YTM：2.2124,N,6.6,全价：137.771 最后更新：15:00:00,,,,0,[],0,0,N,,,buy,buy
2026-09-14 14:19:48,128138,侨银转债,qyzz,130.748,-0.16,002973,侨银股份,qygf,12.45,-2.35,1.98,10.6,117.45,0,11.32,142.07,760103,环保,szmb,C,2020-12-24,[],0,0,buy,A+,,7.42,13.78,10.6,buy,2026-11-17,0.175,4.199,7166.47,15782.37,13.03,-3.32,,0,15:34:00,00,Y,N,3,3,Y,转股价下修3次，成功下修3次,2021-05-24 开始转股,计算使用0.2年期 评级为A+ 债参考YTM：4.0071,N,4.2,全价：130.748 最后更新：15:34:00,,,,1,[],0,0,N,,,buy,buy
2026-09-14 14:19:48,123207,冠中转债,gzzz,200.649,0.46,300948,冠中生态,gzst,18.59,-0.91,3.04,10.44,178.07,0,12.68,213.33,620307,建筑装饰,szcy,C,2023-08-09,[],0,0,buy,A-,,7.308,13.572,5.0,buy,2029-07-21,2.852,1.455,7995.9,5605.67,27.36,-16.97,,0,15:34:21,00,Y,N,1,1,Y,转股价下修1次，成功下修1次,2024-01-29 开始转股,计算使用2.9年期 评级为A- 债参考YTM：9.1892,N,4.0,全价：200.649 最后更新：15:34:21,,,,0,"{'G': '本次（2026年5月27日至2026年6月16日）不提前赎回，自2026年9月16日后首个交易日重新计算', 'M': ''}",0,0,N,,,buy,buy
2026-09-14 14:19:48,113058,友发转债,yfzz,131.055,0.72,601686,友发集团,yfjt,5.21,0.39,1.09,4.48,116.3,0,12.69,143.75,230403,钢铁,shmb,C,2022-04-26,[],0,0,buy,AA,,3.136,5.824,24.2,buy,2028-03-30,1.543,18.638,3649.23,1585.56,1.5,-8.84,,0,14:59:24,00,Y,N,2,2,Y,转股价下修2次，成功下修2次,2022-10-10 开始转股,计算使用1.6年期 评级为AA 债参考YTM：1.6237,N,20.0,全价：131.055 最后更新：14:59:24,,,,1,[],0,0,N,,,buy,buy
2026-09-14 14:19:48,127110,广核转债,ghzz,136.825,0.36,003816,中国广核,zggh,4.34,0.23,1.77,3.58,121.23,0,12.86,149.69,410108,公用事业,szmb,C,2025-07-25,[],0,0,buy,AAA,,2.506,4.654,2.9,buy,2031-07-09,4.819,48.992,9272.06,53568.03,1.38,-4.49,,0,15:34:12,00,Y,N,0,0,Y,,2026-01-15 开始转股,计算使用4.9年期 评级为AAA 债参考YTM：1.7226,N,49.0,全价：136.825 最后更新：15:34:12,,,,0,{'M': ''},0,0,N,,,buy,buy
2026-09-14 14:19:48,110081,闻泰转债,wtzz,102.931,-0.81,600745,*ST闻泰,wtkj,16.73,-2.34,0.87,18.36,91.12,0,12.96,115.89,270102,电子,shmb,C,2021-08-20,[],0,0,buy,BBB+,,12.852,23.868,32.4,buy,2027-07-28,0.869,71.5,6697.38,39794.29,0.91,5.69,,0,14:59:59,00,Y,N,3,3,Y,转股价下修3次，成功下修3次,2022-02-07 开始转股,计算使用0.9年期 评级为BBB+ 债参考YTM：11.8417,N,86.0,全价：102.931 最后更新：14:59:59,,,,1,[],0,0,N,,,buy,buy
2026-09-14 14:19:48,113066,平煤转债,pmzz,138.41,0.64,601666,平煤股份,pmgf,9.13,-1.72,0.89,7.46,122.39,0,13.09,151.5,740102,煤炭,shmb,C,2023-04-10,[],0,0,buy,AAA,,5.222,9.698,6.3,buy,2029-03-16,2.504,14.274,7817.47,20977.72,3.96,-8.96,,0,14:59:58,00,Y,N,1,1,Y,转股价下修1次，成功下修1次,2023-09-22 开始转股,计算使用2.6年期 评级为AAA 债参考YTM：1.6060,N,29.0,全价：138.410 最后更新：14:59:58,,,,0,{'M': ''},0,0,N,,,buy,buy
2026-09-14 14:19:48,113631,皖天转债,wtzz,134.018,0.2,603689,皖天然气,wtrq,7.69,-0.52,1.07,6.51,118.13,0,13.45,147.47,410301,公用事业,shmb,C,2021-12-10,[],0,0,buy,AA+,,4.557,8.463,14.8,buy,2027-11-08,1.151,5.958,4388.27,2878.34,5.49,-14.75,,0,14:59:53,00,Y,N,0,0,Y,,2022-05-12 开始转股,计算使用1.2年期 评级为AA+ 债参考YTM：1.5763,N,9.3,全价：134.018 最后更新：14:59:53,,,,1,[],0,0,N,,,buy,buy
2026-09-14 14:19:48,123076,强力转债,qlzz,119.993,0.33,300429,强力新材,qlxc,11.02,2.13,3.11,10.6,103.96,0,15.42,135.41,270601,电子,szcy,C,2020-12-04,[],0,0,buy,AA-,,7.42,13.78,7.4,buy,2026-11-19,0.181,3.393,3087.73,13498.04,7.61,-32.72,,0,15:34:48,00,Y,N,2,2,Y,转股价下修2次，成功下修2次,2021-05-25 开始转股,计算使用0.2年期 评级为AA- 债参考YTM：1.6571,N,8.5,全价：119.993 最后更新：15:34:48,,,,1,{'M': ''},0,0,N,,,buy,buy
2026-09-14 14:19:48,123213,天源转债,tyzz,273.7,0.77,301127,武汉天源,whty,16.83,0.54,3.24,7.1,237.04,0,15.46,289.16,760102,环保,szcy,C,2023-08-16,[],0,0,buy,AA-,,4.97,9.23,3.0,buy,2029-07-28,2.871,3.26,32678.1,17392.37,36.83,-26.25,,0,15:34:12,00,Y,N,0,0,Y,,2024-02-05 开始转股,计算使用2.9年期 评级为AA- 债参考YTM：2.1391,N,10.0,全价：273.700 最后更新：15:34:12,,,,0,"{'G': '本次（2026年3月13日至2026年4月2日）不提前赎回，自2026年10月2日后首个交易日重新计算', 'M': ''}",0,0,N,,,buy,buy
2026-09-14 14:19:48,127040,国泰转债,gtzz,119.651,0.13,002091,江苏国泰,jsgt,7.61,0.93,0.77,7.35,103.54,0,15.56,135.21,450201,商贸零售,szmb,C,2021-08-10,[],0,0,buy,AA+,,5.145,9.555,32.7,buy,2027-07-07,0.811,39.863,5476.68,5928.55,1.15,-12.05,,0,15:34:42,00,Y,N,0,0,Y,,2022-01-13 开始转股,计算使用0.9年期 评级为AA+ 债参考YTM：1.5527,N,45.574,全价：119.651 最后更新：15:34:42,,,,1,{'M': ''},0,0,N,,,buy,buy
2026-09-14 14:19:48,127030,盛虹转债,shzz,117.725,0.06,000301,东方盛虹,dfsh,13.44,0.45,2.29,13.21,101.74,0,15.71,133.44,750301,石油石化,szmb,C,2021-04-21,[],0,0,buy,AA+,,9.247,17.173,5.6,buy,2027-03-22,0.518,49.974,8016.5,33848.66,1.36,-15.95,,0,15:34:39,00,Y,N,0,0,Y,,2021-09-27 开始转股,计算使用0.6年期 评级为AA+ 债参考YTM：1.5320,N,50.0,全价：117.725 最后更新：15:34:39,,,,1,{'M': ''},0,0,N,,,buy,buy
2026-09-14 14:19:48,118058,微导转债,wdzz,345.762,1.95,688147,微导纳米,wdnm,99.05,0.22,14.87,33.29,297.54,0,16.21,361.97,630505,电力设备,shkc,C,2025-08-27,[],0,0,buy,AA,,23.303,43.277,2.5,buy,2031-08-06,4.896,11.698,90019.89,77370.39,22.7,-20.5,,0,14:59:59,00,Y,N,0,0,Y,,2026-02-12 开始转股,计算使用4.9年期 评级为AA 债参考YTM：1.8507,N,11.7,全价：345.762 最后更新：14:59:59,,,,0,{'M': ''},0,0,N,,,buy,buy
2026-09-14 14:19:48,123235,亿田转债,ytzz,155.6,1.16,300911,亿田智能,ytzn,28.44,2.67,4.65,21.31,133.46,0,16.59,172.19,330401,家用电器,szcy,C,2024-01-12,[],0,0,buy,A+,,14.917,27.703,8.9,buy,2029-12-21,3.271,4.352,65418.34,35630.16,96.46,-7.9,,0,15:34:24,00,Y,N,0,0,Y,,2024-06-27 开始转股,计算使用3.3年期 评级为A+ 债参考YTM：4.5639,N,5.202,全价：155.600 最后更新：15:34:24,,,,0,{'M': ''},0,0,N,,,buy,buy
2026-09-14 14:19:48,123092,天壕转债,thzz,117.71,0.18,300332,天壕能源,thny,5.01,-0.6,1.09,4.97,100.81,0,16.77,134.48,410301,公用事业,szcy,C,2021-01-15,[],0,0,buy,A+,,3.479,6.461,8.4,buy,2026-12-24,0.277,3.416,5067.19,12619.98,12.56,-8.4,,0,15:34:51,00,Y,N,0,0,Y,,2021-06-30 开始转股,计算使用0.3年期 评级为A+ 债参考YTM：4.0149,N,4.23,全价：117.710 最后更新：15:34:51,,,,1,{'M': ''},0,0,N,,,buy,buy
2026-09-14 14:19:48,113051,节能转债,jnzz,119.291,0.39,601016,节能风电,jnfd,3.39,-0.59,1.22,3.32,102.11,0,16.83,136.12,410107,公用事业,shmb,C,2021-07-22,[],0,0,buy,AAA,,2.324,4.316,13.0,buy,2027-06-21,0.767,26.519,6835.7,33151.2,2.16,-10.15,,0,14:59:34,00,Y,N,1,0,Y,转股价下修1次，成功下修0次,2021-12-27 开始转股,计算使用0.8年期 评级为AAA 债参考YTM：1.5209,N,30.0,全价：119.291 最后更新：14:59:34,,,,1,{'M': ''},0,0,N,,,buy,buy
2026-09-14 14:19:48,110076,华海转债,hhzz,110.716,-0.13,600521,华海药业,hhyy,15.62,1.63,2.39,16.5,94.67,0,16.95,127.67,370102,医药生物,shmb,C,2020-11-25,[],0,0,buy,AA,,11.55,21.45,7.9,buy,2026-11-02,0.134,18.424,3643.35,21659.57,1.78,-4.82,,0,14:59:51,00,Y,N,1,1,Y,转股价下修1次，成功下修1次,2021-05-06 开始转股,计算使用0.2年期 评级为AA 债参考YTM：1.4998,N,18.426,全价：110.716 最后更新：14:59:51,,,,1,{'M': ''},0,0,N,,,buy,buy
2026-09-14 14:19:48,128136,立讯转债,lxzz,110.91,-1.25,002475,立讯精密,lxjm,52.78,-4.71,4.36,55.67,94.81,0,16.98,127.89,270504,电子,szmb,C,2020-12-02,[],0,0,buy,AA+,,38.969,72.371,0.8,buy,2026-11-03,0.137,29.816,9179.06,642030.18,2.77,-19.55,,0,15:33:57,00,Y,N,0,0,Y,,2021-05-10 开始转股,计算使用0.2年期 评级为AA+ 债参考YTM：1.4898,N,30.0,全价：110.910 最后更新：15:33:57,,,,1,{'M': ''},0,0,N,,,buy,buy
2026-09-14 14:19:48,127053,豪美转债,hmzz,210.55,0.71,002988,豪美新材,hmxc,30.58,0.16,2.76,17.23,177.48,0,18.63,229.18,240301,有色金属,szmb,C,2022-03-04,[],0,0,buy,AA-,,12.061,22.399,3.4,buy,2028-01-24,1.362,2.575,23089.15,16020.71,42.77,-33.97,,0,15:34:36,00,Y,N,1,1,Y,转股价下修1次，成功下修1次,2022-07-28 开始转股,计算使用1.4年期 评级为AA- 债参考YTM：1.8538,N,8.24,全价：210.550 最后更新：15:34:36,,,,1,{'G': '本次（2026年4月30日至2026年5月25日）不提前赎回，以2026年11月25日后首个交易日起重新计算'},0,0,N,,,buy,buy
2026-09-14 14:19:48,127084,柳工转2,lgz2,139.79,0.34,000528,柳工,lg,8.15,0.62,0.86,6.98,116.76,0,19.72,159.51,640601,机械设备,szmb,C,2023-04-20,[],0,0,buy,AAA,,4.886,9.074,14.9,buy,2029-03-27,2.534,24.809,8049.87,12029.95,2.32,-7.29,,0,15:34:00,00,Y,N,0,0,Y,,2023-10-09 开始转股,计算使用2.6年期 评级为AAA 债参考YTM：1.6060,N,30.0,全价：139.790 最后更新：15:34:00,,,,0,{'M': ''},0,0,N,,,buy,buy
2026-09-14 14:19:48,123160,泰福转债,tfzz,150.099,1.2,300992,泰福泵业,tfby,24.56,1.11,2.55,19.7,124.67,0,20.4,170.5,640106,机械设备,szcy,C,2022-10-25,[],0,0,buy,A,,13.79,25.61,12.1,buy,2028-09-28,2.041,2.315,4059.06,4928.62,11.73,-10.89,,0,15:34:06,00,Y,N,1,1,Y,转股价下修1次，成功下修1次,2023-04-11 开始转股,计算使用2.1年期 评级为A 债参考YTM：6.6580,N,3.349,全价：150.099 最后更新：15:34:06,,,,0,{'M': ''},0,0,N,,,buy,buy
2026-09-14 14:19:48,127070,大中转债,dzzz,272.841,2.03,001203,大中矿业,dzky,23.89,0.25,4.99,10.56,226.23,0,20.6,293.44,230301,钢铁,szmb,C,2022-10-11,[],0,0,buy,AA,,7.392,13.728,3.0,buy,2028-08-17,1.926,9.342,49456.9,24594.36,19.66,-36.73,,0,15:33:57,00,Y,N,0,0,Y,,2023-02-23 开始转股,计算使用2.0年期 评级为AA 债参考YTM：1.6409,N,15.2,全价：272.841 最后更新：15:33:57,,,,1,"{'G': '本次（2026年2月24日至2026年3月16日）不提前赎回，以2026年9月16日后的首个交易日重新计算', 'M': ''}",0,0,N,,,buy,buy
2026-09-14 14:19:48,113710,四方转债,sfzz,100.0,0.0,603339,四方科技,sfkj,12.29,1.65,1.36,14.87,82.65,176,20.99,120.99,640105,机械设备,shmb,C,,[],0,0,buy,AA,,10.409,19.331,26.9,buy,2032-09-02,5.973,10.234,0.0,8373.11,0.0,2.17,,0,,00,Y,N,0,0,Y,,未到转股期；2027-03-09 开始转股,计算使用6.0年期 评级为AA 债参考YTM：2.0316,N,10.234,待上市,,,,0,[],0,0,N,,,buy,buy
2026-09-14 14:19:48,127078,优彩转债,yczz,152.158,0.43,002998,优彩资源,yczy,7.66,-2.92,1.5,6.11,125.37,0,21.37,173.53,220401,基础化工,szmb,C,2023-01-09,[],0,0,buy,A+,,4.277,7.943,20.1,buy,2028-12-14,2.252,4.158,21025.92,23599.4,33.26,-10.46,,0,15:34:39,00,Y,N,0,0,Y,,2023-06-20 开始转股,计算使用2.3年期 评级为A+ 债参考YTM：4.3482,N,6.0,全价：152.158 最后更新：15:34:39,,,,0,{'G': '本次（2026年8月7日至2026年9月3日）不提前赎回，自2026年12月3日后首个交易日重新计算'},0,0,N,,,buy,buy
2026-09-14 14:19:48,127045,牧原转债,myzz,120.084,-0.84,002714,牧原股份,mygf,42.59,0.97,3.07,43.32,98.32,0,22.14,142.22,110702,农林牧渔,szmb,C,2021-09-10,[],0,0,buy,AAA,,30.324,56.316,6.8,buy,2027-08-16,0.921,95.429,10672.24,152331.46,0.92,-11.84,,0,15:34:45,00,Y,Y,0,0,Y,,2022-02-21 开始转股,计算使用1.0年期 评级为AAA 债参考YTM：1.5217,N,95.5,全价：120.084 最后更新：15:34:45,,,,1,{'M': ''},0,0,N,,,buy,buy
2026-09-14 14:19:48,123118,惠城转债,hczz,630.595,-1.09,300779,惠城环保,hchb,53.3,-0.86,7.16,10.33,515.97,0,22.21,652.81,760103,环保,szcy,C,2021-07-26,[],0,0,buy,A+,,7.231,13.429,0.5,buy,2027-07-07,0.811,0.654,54058.47,23505.16,132.81,-101.17,,0,15:33:57,00,Y,N,0,0,Y,,2022-01-13 开始转股,计算使用0.9年期 评级为A+ 债参考YTM：4.1215,N,3.2,全价：630.595 最后更新：15:33:57,,,,1,{'M': ''},0,0,N,,,buy,buy
2026-09-14 14:19:48,123189,晓鸣转债,xmzz,136.777,-0.71,300967,晓鸣股份,xmgf,16.93,-3.97,4.16,15.18,111.53,0,22.64,159.42,110703,农林牧渔,szcy,C,2023-04-25,[],0,0,buy,A,,10.626,19.734,15.6,buy,2029-04-06,2.562,3.286,4339.23,7979.75,9.67,-5.94,,0,15:34:15,00,Y,N,1,1,Y,转股价下修1次，成功下修1次,2023-10-12 开始转股,计算使用2.6年期 评级为A 债参考YTM：6.7676,N,3.29,全价：136.777 最后更新：15:34:15,,,,0,{'M': ''},0,0,N,,,buy,buy
2026-09-14 14:19:48,110099,福能转债,fnzz,144.222,0.08,600483,福能股份,fngf,11.08,0.0,1.11,9.49,116.75,0,23.53,167.75,410110,公用事业,shmb,C,2025-10-30,[],0,0,buy,AA+,,6.643,12.337,12.3,buy,2031-10-13,5.082,38.019,6289.62,12333.2,1.15,-5.2,,0,14:59:27,00,Y,N,0,0,Y,,2026-04-17 开始转股,计算使用5.1年期 评级为AA+ 债参考YTM：1.7912,N,38.02,全价：144.222 最后更新：14:59:27,,,,0,{'M': ''},0,0,N,,,buy,buy
2026-09-14 14:19:48,110084,贵燃转债,grzz,133.405,0.06,600903,贵州燃气,gzrq,6.93,-2.94,2.48,6.42,107.94,0,23.59,157.0,410301,公用事业,shmb,C,2022-01-18,[],0,0,buy,AA,,4.494,8.346,10.1,buy,2027-12-27,1.285,8.157,13205.02,52461.27,12.1,-12.99,,0,14:59:54,00,Y,N,2,2,Y,转股价下修2次，成功下修2次,2022-07-01 开始转股,计算使用1.3年期 评级为AA 债参考YTM：1.6093,N,10.0,全价：133.405 最后更新：14:59:54,,,,1,{'M': ''},0,0,N,,,buy,buy
2026-09-14 14:19:48,123187,超达转债,cdzz,188.8,0.43,301186,超达装备,cdzb,33.23,-0.69,2.34,21.77,152.64,0,23.69,212.49,280205,汽车,szcy,C,2023-04-25,[],0,0,buy,A,,15.239,28.301,6.2,buy,2029-04-04,2.556,2.242,11539.45,3352.77,27.23,-16.78,,0,15:34:15,00,Y,N,0,0,Y,,2023-10-11 开始转股,计算使用2.6年期 评级为A 债参考YTM：6.7676,N,4.69,全价：188.800 最后更新：15:34:15,,,,0,"{'G': '本次（2026年8月3日至2026年8月21日）不提前赎回，以2027年2月21日之后的首个交易日重新起算', 'M': ''}",0,0,N,,,buy,buy
2026-09-14 14:19:48,118062,天准转债,tzzz,177.581,1.58,688003,天准科技,tzkj,79.11,4.17,7.61,55.13,143.5,0,23.75,201.33,640704,机械设备,shkc,C,2025-12-31,[],0,0,buy,AA-,,38.591,66.156,5.7,buy,2031-12-12,5.247,8.719,51862.87,39029.08,33.63,-7.93,,0,14:59:58,00,Y,N,0,0,Y,,2026-06-18 开始转股,计算使用5.3年期 评级为AA- 债参考YTM：2.4720,N,8.72,全价：177.581 最后更新：14:59:58,,,,0,"{'G': '本次（2026年6月18日至2026年7月9日）不提前赎回，以2026年10月10日为首个交易日重新计算', 'M': ''}",0,0,N,120%,,buy,buy
2026-09-14 14:19:48,123247,万凯转债,wkzz,190.8,1.54,301216,万凯新材,wkxc,17.12,-0.98,1.51,11.15,153.54,0,24.27,215.07,220501,基础化工,szcy,C,2024-09-05,[],0,0,buy,AA,,7.805,14.495,21.1,buy,2030-08-16,3.923,19.642,19574.02,29644.37,5.27,-12.43,,0,15:34:12,00,Y,N,0,0,Y,,2025-02-24 开始转股,计算使用4.0年期 评级为AA 债参考YTM：1.7998,N,27.0,全价：190.800 最后更新：15:34:12,,,,0,"{'G': '本次（2026年6月17日至2026年7月8日）不提前赎回，自2026年10月8日后首个交易日重新计算', 'M': ''}",0,0,N,,,buy,buy
2026-09-14 14:19:48,123080,海波转债,hbzz,123.097,-0.48,300517,海波重科,hbzk,11.16,-4.7,2.16,11.28,98.94,0,24.42,147.52,620401,建筑装饰,szcy,C,2020-12-22,[],0,0,buy,A+,,7.896,14.664,10.5,buy,2026-12-02,0.216,1.485,3273.81,16285.44,17.92,-11.77,,0,15:34:48,00,Y,N,0,0,Y,,2021-06-08 开始转股,计算使用0.3年期 评级为A+ 债参考YTM：4.0149,N,2.45,全价：123.097 最后更新：15:34:48,,,,1,[],0,0,N,,,buy,buy
2026-09-14 14:19:48,123107,温氏转债,wszz,114.406,-0.27,300498,温氏股份,wsgf,14.78,-0.61,2.75,16.09,91.86,0,24.55,138.96,110702,农林牧渔,szcy,C,2021-04-21,[],0,0,buy,AAA,,11.263,20.917,8.8,buy,2027-03-29,0.537,77.063,7513.55,56037.49,0.85,-10.43,,0,15:34:51,00,Y,N,0,0,Y,,2021-10-08 开始转股,计算使用0.6年期 评级为AAA 债参考YTM：1.5146,N,92.97,全价：114.406 最后更新：15:34:51,,,,1,{'M': ''},0,0,N,,,buy,buy
2026-09-14 14:19:48,113691,和邦转债,hbzz,144.647,-0.34,603077,和邦生物,hbsw,2.32,-2.11,1.06,2.0,116.0,0,24.7,169.35,220802,基础化工,shmb,C,2024-11-19,[],0,0,buy,AA,,1.4,2.6,22.4,buy,2030-10-28,4.123,45.99,13494.52,54799.78,2.02,-5.56,,0,14:59:45,00,Y,N,0,0,Y,,2025-05-06 开始转股,计算使用4.2年期 评级为AA 债参考YTM：1.8151,N,46.0,全价：144.647 最后更新：14:59:45,,,,0,"{'G': '本次（2026年1月22日至2026年3月10日）不提前赎回，以2027年3月10日之后的首个交易日重新起算', 'M': ''}",0,0,N,,,buy,buy
2026-09-14 14:19:48,127109,电化转债,dhzz,148.811,1.09,002125,湘潭电化,xtdh,11.92,0.42,2.14,9.99,119.32,0,24.72,173.53,630702,电力设备,szmb,C,2025-07-04,[],0,0,buy,AA,,6.993,12.987,6.5,buy,2031-06-16,4.756,4.866,7634.8,7993.69,10.57,-5.44,,0,15:34:06,00,Y,N,0,0,Y,,2025-12-22 开始转股,计算使用4.8年期 评级为AA 债参考YTM：1.8458,N,4.87,全价：148.811 最后更新：15:34:06,,,,0,{'M': ''},0,0,N,,,buy,buy
2026-09-14 14:19:48,123257,安克转债,akzz,150.001,0.26,300866,安克创新,akcx,127.84,0.32,6.49,106.72,119.79,0,25.22,175.22,270503,电子,szcy,C,2025-07-04,[],0,0,buy,AA+,,74.704,138.736,2.8,buy,2031-06-16,4.756,11.046,6974.36,28756.63,4.2,-5.99,,0,15:34:30,00,Y,N,0,0,Y,,2025-12-22 开始转股,计算使用4.8年期 评级为AA+ 债参考YTM：1.7801,N,11.048,全价：150.001 最后更新：15:34:30,,,,0,{'M': ''},0,0,N,,,buy,buy
2026-09-14 14:19:48,118050,航宇转债,hyzz,267.103,-0.56,688239,航宇科技,hykj,52.7,-3.11,4.52,24.81,212.41,0,25.75,292.85,650201,国防军工,shkc,C,2024-09-10,[],0,0,buy,AA-,,17.367,32.253,6.6,buy,2030-08-21,3.937,6.597,25633.16,46891.09,14.6,-18.74,,0,14:59:53,00,Y,N,0,0,Y,,2025-02-27 开始转股,计算使用4.0年期 评级为AA- 债参考YTM：2.2798,N,6.67,全价：267.103 最后更新：14:59:53,,,,0,"{'G': '本次（2026年5月28日至2026年6月17日）不提前赎回，自2026年9月18日为首个交易日重新计算', 'M': ''}",0,0,N,,,buy,buy
2026-09-14 14:19:48,113052,兴业转债,xyzz,113.458,0.07,601166,兴业银行,xyyh,18.15,0.11,0.41,20.13,90.16,0,25.84,139.3,480301,银行,shmb,C,2022-01-14,[],0,0,buy,AAA,,,26.169,10.8,buy,2027-12-27,1.285,413.5,25772.78,147804.85,0.55,-1.51,,0,14:59:50,00,Y,Y,0,0,Y,,2022-06-30 开始转股,计算使用1.3年期 评级为AAA 债参考YTM：1.5287,N,500.0,全价：113.458 最后更新：14:59:50,,,,0,{'M': ''},0,0,N,,,buy,buy
2026-09-14 14:19:48,123149,通裕转债,tyzz,129.623,0.37,300185,通裕重工,tyzg,2.79,0.0,1.54,2.71,102.95,0,25.91,155.53,630602,电力设备,szcy,C,2022-07-15,[],0,0,buy,AA,,1.897,3.523,10.3,buy,2028-06-20,1.767,11.069,3544.67,15852.24,2.47,-7.17,,0,15:34:06,00,Y,N,0,0,N,2026-09-14 起暂停转股：权益分派,2022-12-26 开始转股;2026-09-14 起暂停转股：权益分派,计算使用1.8年期 评级为AA 债参考YTM：1.6312,N,14.847,全价：129.623 最后更新：15:34:06,,,,1,{'M': ''},0,0,N,,,buy,buy
2026-09-14 14:19:48,127096,泰坦转债,ttzz,525.3,2.9,003036,泰坦股份,ttgf,54.9,7.37,7.91,13.2,415.91,0,26.3,551.6,640206,机械设备,szmb,C,2023-11-15,[],0,0,buy,A,,9.24,17.16,2.4,buy,2029-10-25,3.115,2.875,203083.94,53658.2,136.45,-38.21,,0,15:34:06,00,Y,N,0,0,Y,,2024-05-06 开始转股,计算使用3.2年期 评级为A 债参考YTM：6.8993,N,2.955,全价：525.300 最后更新：15:34:06,,,,0,{'G': '本次（2026年6月12日至2026年7月3日）不提前赎回，以2026年10月3日后首个交易日起重新计算'},0,0,N,,,buy,buy
2026-09-14 14:19:48,127027,能化转债,nhzz,110.252,-0.04,000552,甘肃能化,gsnh,2.55,-1.54,0.81,2.93,87.03,0,26.68,136.93,740101,煤炭,szmb,C,2021-01-22,[],0,0,buy,AAA,,2.051,3.809,20.5,buy,2026-12-10,0.238,19.463,2973.71,19816.23,1.38,-0.97,,0,15:34:30,00,Y,N,0,0,Y,,2021-06-16 开始转股,计算使用0.3年期 评级为AAA 债参考YTM：1.4700,N,28.0,全价：110.252 最后更新：15:34:30,,,,1,{'M': ''},0,0,N,,,buy,buy
2026-09-14 14:19:48,111002,特纸转债,tzzz,135.906,1.38,605007,五洲特纸,wztz,14.43,2.49,1.8,13.49,106.97,0,27.05,162.96,360103,轻工制造,shmb,C,2021-12-30,[],0,0,buy,AA,,9.443,17.537,9.7,buy,2027-12-08,1.233,6.619,6823.25,5422.15,7.58,-13.59,,0,14:59:58,00,Y,N,1,1,Y,转股价下修1次，成功下修1次,2022-06-14 开始转股,计算使用1.3年期 评级为AA 债参考YTM：1.6093,N,6.7,全价：135.906 最后更新：14:59:58,,,,1,[],0,0,N,,,buy,buy
2026-09-14 14:19:48,113686,泰瑞转债,trzz,152.423,1.52,603289,泰瑞机器,trjq,9.57,2.57,1.92,8.0,119.63,0,27.42,179.84,640209,机械设备,shmb,C,2024-07-24,[],0,0,buy,AA-,,5.6,10.4,12.0,buy,2030-07-02,3.8,3.363,7680.57,4341.81,15.02,-6.31,,0,14:59:33,00,Y,N,0,0,Y,,2025-01-08 开始转股,计算使用3.8年期 评级为AA- 债参考YTM：2.2595,N,3.378,全价：152.423 最后更新：14:59:33,,,,0,[],0,0,N,,,buy,buy
2026-09-14 14:19:48,110098,南药转债,nyzz,135.118,0.92,600713,南京医药,njyy,5.24,1.16,0.95,4.95,105.86,0,27.64,162.76,370402,医药生物,shmb,C,2025-01-20,[],0,0,buy,AA+,,3.465,6.435,16.0,buy,2030-12-25,4.282,10.814,4069.96,4170.91,2.8,-4.3,,0,14:58:50,00,Y,N,0,0,N,2026-09-09 至 2026-09-16 期间暂停转股：权益分派,2025-07-01 开始转股;2026-09-09 至 2026-09-16 期间暂停转股：权益分派,计算使用4.3年期 评级为AA+ 债参考YTM：1.7668,N,10.815,全价：135.118 最后更新：14:58:50,,,,0,[],0,0,N,,,buy,buy
2026-09-14 14:19:48,123178,花园转债,hyzz,140.401,1.14,300401,花园生物,hysw,14.67,1.52,2.24,13.34,109.97,0,27.67,168.07,370101,医药生物,szcy,C,2023-03-23,[],0,0,buy,AA-,,9.338,17.342,14.7,buy,2029-03-06,2.477,11.58,5385.69,24324.5,3.33,-6.73,,0,15:34:09,00,Y,N,1,1,Y,转股价下修1次，成功下修1次,2023-09-11 开始转股,计算使用2.5年期 评级为AA- 债参考YTM：2.0424,N,12.0,全价：140.401 最后更新：15:34:09,,,,0,{'M': ''},0,0,N,,,buy,buy
2026-09-14 14:19:48,118027,宏图转债,htzz,89.24,2.77,688066,*ST航图,htht,9.17,-0.97,-1.77,13.12,69.89,0,27.68,116.92,710301,计算机,shkc,C,2022-12-22,[],0,0,buy,CC,,9.184,17.056,38.9,buy,2028-11-28,2.208,9.475,8088.63,4855.86,9.68,14.29,,0,14:59:58,00,Y,N,4,3,Y,转股价下修4次，成功下修3次,2023-06-02 开始转股,计算使用2.3年期 评级为CC 债参考YTM：56.5011,Y,10.088,全价：89.240 最后更新：14:59:58,,,"按下调到底估算
股东大会：2026-09-18
预估转股价：9.15
预估转股价值：100.22
期权价值：49.32
理论价值：94.96
理论偏离度：-6.41%",0,[],0,0,N,,,buy,buy
2026-09-14 14:19:48,127103,东南转债,dnzz,136.175,0.59,002135,东南网架,dnwj,5.95,-1.82,1.05,5.59,106.44,0,27.94,164.12,620401,建筑装饰,szmb,C,2024-01-24,[],0,0,buy,AA,,3.913,7.267,33.0,buy,2030-01-03,3.307,19.999,5924.01,5544.14,2.18,-5.78,,0,15:34:48,00,Y,N,0,0,Y,,2024-07-09 开始转股,计算使用3.4年期 评级为AA 债参考YTM：1.7446,N,20.0,全价：136.175 最后更新：15:34:48,,,,0,{'M': ''},0,0,N,,,buy,buy
2026-09-14 14:19:48,127056,中特转债,ztzz,125.268,0.66,000708,中信特钢,zxtg,13.53,0.45,1.54,13.89,97.41,0,28.6,153.87,230501,钢铁,szmb,C,2022-04-15,[],0,0,buy,AAA,,9.723,18.057,7.3,buy,2028-02-25,1.449,49.996,5367.18,16013.42,0.86,-10.07,,0,15:33:57,00,Y,N,1,1,Y,转股价下修1次，成功下修1次,2022-09-05 开始转股,计算使用1.5年期 评级为AAA 债参考YTM：1.5389,N,50.0,全价：125.268 最后更新：15:33:57,,,,0,{'M': ''},0,0,N,,,buy,buy
2026-09-14 14:19:48,111017,蓝天转债,ltzz,130.883,0.48,605368,蓝天燃气,ltrq,6.83,-0.58,1.42,6.72,101.64,0,28.78,159.66,410301,公用事业,shmb,C,2023-09-08,[],0,0,buy,AA,,4.704,8.736,13.8,buy,2029-08-15,2.921,6.715,3589.6,1996.34,4.08,-4.89,,0,14:59:01,00,Y,N,1,1,Y,转股价下修1次，成功下修1次,2024-02-21 开始转股,计算使用3.0年期 评级为AA 债参考YTM：1.7119,N,8.7,全价：130.883 最后更新：14:59:01,,,,0,[],0,0,N,,,buy,buy
2026-09-14 14:19:48,118051,皓元转债,hyzz,289.936,2.44,688131,皓元医药,hyyy,90.29,3.45,5.81,40.22,224.49,0,29.15,319.09,370603,医药生物,shkc,C,2024-12-19,[],0,0,buy,AA-,,28.154,52.286,4.3,buy,2030-11-28,4.208,8.218,51886.71,36251.64,21.81,-19.63,,0,14:59:58,00,Y,N,0,0,N,2026-09-11 至 2026-09-18 期间暂停转股：权益分派,2025-06-04 开始转股;2026-09-11 至 2026-09-18 期间暂停转股：权益分派,计算使用4.3年期 评级为AA- 债参考YTM：2.3103,N,8.223,全价：289.936 最后更新：14:59:58,,,,0,"{'G': '本次（2026年5月20日至2026年6月9日）不提前赎回，以2026年10月12日为首个交易日重新计算', 'M': ''}",0,0,N,,,buy,buy
2026-09-14 14:19:48,127092,运机转债,yjzz,315.722,0.81,001288,运机集团,yjjt,29.09,1.46,2.85,11.91,244.25,0,29.26,344.98,640203,机械设备,szmb,C,2023-10-20,[],0,0,buy,AA-,,8.337,15.483,11.9,buy,2029-09-21,3.022,5.249,16899.93,8071.86,10.23,-27.69,,0,15:34:06,00,Y,N,0,0,Y,,2024-03-27 开始转股,计算使用3.1年期 评级为AA- 债参考YTM：2.1820,N,7.3,全价：315.722 最后更新：15:34:06,,,,0,{'G': '本次（2025年12月8日至2025年12月26日）不提前赎回，以2026年12月26日后的首个交易日起重新计算'},0,0,N,,,buy,buy
2026-09-14 14:19:48,127037,银轮转债,ylzz,488.998,0.58,002126,银轮股份,ylgf,38.85,0.21,4.37,10.27,378.29,0,29.27,518.27,280203,汽车,szmb,C,2021-07-09,[],0,0,buy,AA,,7.189,13.351,1.6,buy,2027-06-07,0.729,5.055,24564.63,30296.26,9.99,-106.35,,0,15:34:48,00,Y,N,0,0,Y,,2021-12-13 开始转股,计算使用0.8年期 评级为AA 债参考YTM：1.5546,N,7.0,全价：488.998 最后更新：15:34:48,,,,1,"{'G': '本次（2026年5月27日至2026年6月16日）不提前赎回，2027年5月16日后首个交易日重新计算', 'M': ''}",0,0,N,,,buy,buy
2026-09-14 14:19:48,113695,华辰转债,hczz,143.122,1.09,603097,江苏华辰,jshc,18.46,0.33,3.79,16.68,110.67,0,29.32,172.44,630801,电力设备,shmb,C,2025-07-10,[],0,0,buy,A+,,11.676,21.684,11.1,buy,2031-06-20,4.767,4.597,10332.75,5109.43,15.61,-3.91,,0,14:59:45,00,Y,N,0,0,Y,,2025-12-26 开始转股,计算使用4.8年期 评级为A+ 债参考YTM：4.7024,N,4.6,全价：143.122 最后更新：14:59:45,,,,0,[],0,0,N,,,buy,buy
2026-09-14 14:19:48,113643,风语转债,fyzz,142.605,-0.83,603466,风语筑,fyz,12.96,-2.34,3.58,11.8,109.83,0,29.84,172.45,720706,传媒,shmb,C,2022-04-22,[],0,0,buy,AA-,,8.26,15.34,6.5,buy,2028-03-25,1.529,4.992,21105.01,149543.87,29.68,-12.28,,0,14:59:57,00,Y,N,1,1,Y,转股价下修1次，成功下修1次,2022-10-10 开始转股,计算使用1.6年期 评级为AA- 债参考YTM：1.8829,N,5.0,全价：142.605 最后更新：14:59:57,,,,1,{'M': ''},0,0,N,,,buy,buy
2026-09-14 14:19:48,127095,广泰转债,gtzz,145.372,1.72,002111,威海广泰,whgt,9.8,-1.01,1.65,8.83,110.99,0,30.98,176.35,650201,国防军工,szmb,C,2023-11-10,[],0,0,buy,AA-,,6.181,11.479,14.5,buy,2029-10-18,3.096,6.927,7206.14,6832.35,7.21,-6.31,,0,15:34:42,00,Y,N,0,0,Y,,2024-04-24 开始转股,计算使用3.1年期 评级为AA- 债参考YTM：2.1820,N,7.0,全价：145.372 最后更新：15:34:42,,,,0,[],0,0,N,,,buy,buy
2026-09-14 14:19:48,123104,卫宁转债,wnzz,125.0,0.32,300253,卫宁健康,wnjk,6.69,0.45,2.69,7.02,95.3,0,31.17,156.17,710401,计算机,szcy,C,2021-03-31,[],0,0,buy,AA,,4.914,9.126,7.8,buy,2027-03-16,0.501,9.699,2322.57,15065.16,1.91,-8.02,,0,15:34:48,00,Y,N,2,2,Y,转股价下修2次，成功下修2次,2021-09-22 开始转股,计算使用0.6年期 评级为AA 债参考YTM：1.5420,N,9.703,全价：125.000 最后更新：15:34:48,,,,1,{'M': ''},0,0,N,,,buy,buy
2026-09-14 14:19:48,113054,绿动转债,ldzz,125.809,-0.26,601330,绿色动力,lsdl,8.3,-0.72,1.41,8.67,95.73,0,31.42,157.23,760103,环保,shmb,C,2022-03-23,[],0,0,buy,AA+,,6.069,11.271,28.7,buy,2028-02-25,1.449,23.598,7989.26,15520.56,2.68,-8.49,,0,14:59:37,00,Y,N,0,0,Y,,2022-09-05 开始转股,计算使用1.5年期 评级为AA+ 债参考YTM：1.5909,N,23.6,全价：125.809 最后更新：14:59:37,,,,1,[],0,0,N,,,buy,buy
2026-09-14 14:19:48,118030,睿创转债,rczz,604.795,-0.51,688002,睿创微纳,rcwn,177.89,0.5,10.22,38.66,460.14,0,31.44,636.24,270105,电子,shkc,C,2023-02-10,[],0,0,buy,AA,,27.062,50.258,1.5,buy,2028-12-30,2.296,12.622,37452.0,179367.16,4.89,-52.22,,0,14:59:58,00,Y,N,0,0,N,2026-09-10 至 2026-09-17 期间暂停转股：权益分派,2023-07-06 开始转股;2026-09-10 至 2026-09-17 期间暂停转股：权益分派,计算使用2.3年期 评级为AA 债参考YTM：1.6605,N,15.647,全价：604.795 最后更新：14:59:58,,,,0,"{'G': '本次（2026年3月18日至2026年4月8日）不提前赎回，以2027年4月9日为首个交易日重新计算', 'M': ''}",0,0,N,,,buy,buy
2026-09-14 14:19:48,118016,京源转债,jyzz,146.356,0.51,688096,京源环保,jyhb,7.69,-1.16,2.12,6.91,111.29,0,31.51,177.87,760102,环保,shkc,C,2022-08-25,[],0,0,buy,A,,4.837,8.983,9.3,buy,2028-08-05,1.893,1.675,3018.91,4462.19,12.34,-11.08,,0,14:59:59,00,Y,N,0,0,Y,,2023-02-13 开始转股,计算使用1.9年期 评级为A 债参考YTM：6.6247,N,3.325,全价：146.356 最后更新：14:59:59,,,,1,{'M': ''},0,0,N,,,buy,buy
2026-09-14 14:19:48,123150,九强转债,jqzz,130.981,1.26,300406,九强生物,jqsw,11.39,1.24,1.86,11.45,99.48,0,31.67,162.65,370504,医药生物,szcy,C,2022-07-20,[],0,0,buy,AA-,,8.015,14.885,23.2,buy,2028-06-30,1.795,11.21,2260.98,3588.7,1.54,-8.32,,0,15:34:00,00,Y,N,1,1,Y,转股价下修1次，成功下修1次,2023-01-06 开始转股,计算使用1.8年期 评级为AA- 债参考YTM：1.9116,N,11.39,全价：130.981 最后更新：15:34:00,,,,1,{'M': ''},0,0,N,,,buy,buy
2026-09-14 14:19:48,128142,新乳转债,xrzz,111.101,0.09,002946,新乳业,xry,14.7,1.59,3.48,17.5,84.0,0,32.26,143.36,340702,食品饮料,szmb,C,2021-01-19,[],0,0,buy,AA,,12.25,22.75,5.7,buy,2026-12-18,0.26,7.178,2491.92,6367.07,3.12,-3.85,,0,15:34:03,00,Y,N,0,0,Y,,2021-06-24 开始转股,计算使用0.3年期 评级为AA 债参考YTM：1.5026,N,7.18,全价：111.101 最后更新：15:34:03,,,,1,{'M': ''},0,0,N,,,buy,buy
2026-09-14 14:19:48,113640,苏利转债,slzz,129.995,0.3,603585,苏利股份,slgf,10.65,-0.65,1.02,10.84,98.25,0,32.31,162.31,220803,基础化工,shmb,C,2022-03-10,[],0,0,buy,AA-,,7.588,14.092,25.6,buy,2028-02-16,1.425,7.39,5050.38,4003.69,5.26,-7.22,,0,14:58:44,00,Y,N,2,2,Y,转股价下修2次，成功下修2次,2022-08-22 开始转股,计算使用1.5年期 评级为AA- 债参考YTM：1.8684,N,9.572,全价：129.995 最后更新：14:58:44,,,,1,[],0,0,N,,,buy,buy
2026-09-14 14:19:48,110097,天润转债,trzz,141.757,0.71,600419,天润乳业,trry,8.77,-0.34,1.11,8.19,107.08,0,32.38,174.14,340702,食品饮料,shmb,C,2024-11-15,[],0,0,buy,AA,,5.733,10.647,35.7,buy,2030-10-24,4.112,9.89,5977.79,4740.91,4.27,-5.1,,0,14:59:45,00,Y,N,0,0,Y,,2025-04-30 开始转股,计算使用4.2年期 评级为AA 债参考YTM：1.8151,N,9.9,全价：141.757 最后更新：14:59:45,,,,0,[],0,0,N,,,buy,buy
2026-09-14 14:19:48,123114,三角转债,sjzz,125.66,-0.61,300775,三角防务,sjfw,21.49,-3.8,1.95,22.69,94.71,0,32.68,158.34,650201,国防军工,szcy,C,2021-06-11,[],0,0,buy,AA-,,15.883,29.497,7.9,buy,2027-05-25,0.693,8.999,4387.88,28090.83,3.88,-12.29,,0,15:33:54,00,Y,N,1,1,Y,转股价下修1次，成功下修1次,2021-11-30 开始转股,计算使用0.7年期 评级为AA- 债参考YTM：1.7432,N,9.044,全价：125.660 最后更新：15:33:54,,,,1,{'M': ''},0,0,N,,,buy,buy
2026-09-14 14:19:48,118034,晶能转债,jnzz,117.961,0.19,688223,晶科能源,jkny,3.86,-1.03,1.64,4.36,88.53,0,33.24,151.2,630502,电力设备,shkc,C,2023-05-19,[],0,0,buy,AA+,,3.052,5.232,21.0,buy,2029-04-20,2.6,83.22,5723.77,17904.74,0.58,-2.25,,0,14:59:45,00,Y,N,2,2,Y,转股价下修2次，成功下修2次,2023-10-26 开始转股,计算使用2.6年期 评级为AA+ 债参考YTM：1.6464,N,100.0,全价：117.961 最后更新：14:59:45,,,,0,{'M': ''},0,0,N,120%,,buy,buy
2026-09-14 14:19:48,123131,奥飞转债,afzz,258.457,0.42,300738,奥飞数据,afsj,19.45,1.46,5.15,10.05,193.53,0,33.55,292.01,730104,通信,szcy,C,2021-12-22,[],0,0,buy,A+,,7.035,13.065,1.6,buy,2027-12-03,1.219,3.159,23754.67,34208.94,29.19,-48.13,,0,15:33:57,00,Y,N,0,0,Y,,2022-06-09 开始转股,计算使用1.3年期 评级为A+ 债参考YTM：4.1746,N,6.35,全价：258.457 最后更新：15:33:57,,,,1,"{'G': '本次（2026年5月21日至2026年6月10日）不提前赎回，以2026年12月10日后的首个交易日重新计算', 'M': ''}",0,0,N,,,buy,buy
2026-09-14 14:19:48,113673,岱美转债,dmzz,178.02,-5.01,603730,岱美股份,dmgf,9.48,-7.33,4.33,7.12,133.15,0,33.7,211.72,280202,汽车,shmb,C,2023-08-10,[],0,0,buy,AA,,4.984,9.256,4.5,buy,2029-07-18,2.844,9.078,29359.23,26471.59,17.89,-14.35,,0,14:59:55,00,Y,N,1,1,Y,转股价下修1次，成功下修1次,2024-01-24 开始转股,计算使用2.9年期 评级为AA 债参考YTM：1.7047,N,9.079,全价：178.020 最后更新：14:59:55,,,,0,{'M': ''},0,0,N,,,buy,buy
2026-09-14 14:19:48,110075,南航转债,nhzz,106.4,0.03,600029,南方航空,nfhk,4.9,-0.61,2.95,6.17,79.42,0,33.98,140.38,421001,交通运输,shmb,C,2020-11-03,[],0,0,buy,AAA,,4.319,8.021,8.9,buy,2026-10-15,0.085,58.958,11926.51,17931.69,1.9,1.14,,0,14:59:56,00,Y,N,0,0,Y,,2021-04-21 开始转股,计算使用0.1年期 评级为AAA 债参考YTM：1.4688,N,160.0,全价：106.400 最后更新：14:59:56,,,,1,"{'R': '到期\n最后交易日：2026-10-09\n最后转股日：2026-10-14\n债券到期日：2026-10-15\n到期赎回价：106.500元/张', 'M': ''}",0,0,N,,,buy,buy
2026-09-14 14:19:48,118064,联瑞转债,lrzz,374.235,1.98,688300,联瑞新材,lrxc,175.99,-1.51,23.79,63.05,279.13,0,34.07,408.31,220901,基础化工,shkc,C,2026-01-28,[],0,0,buy,AA,,44.135,81.965,1.6,buy,2032-01-08,5.321,6.949,173606.89,229585.05,68.24,-20.26,,0,14:59:59,00,Y,N,0,0,Y,,2026-07-14 开始转股,计算使用5.4年期 评级为AA 债参考YTM：1.9092,N,6.95,全价：374.235 最后更新：14:59:59,,,,0,"{'G': '本次（2026年7月14日至2026年8月3日）不提前赎回，以2026年11月4日为首个交易日重新计算', 'M': ''}",0,0,N,,,buy,buy
2026-09-14 14:19:48,127088,赫达转债,hdzz,170.317,2.08,002810,山东赫达,sdhd,21.08,0.91,3.12,16.61,126.91,0,34.2,204.52,220309,基础化工,szmb,C,2023-07-19,[],0,0,buy,AA-,,11.627,21.593,8.8,buy,2029-07-03,2.803,5.996,6303.64,7147.96,6.2,-12.31,,0,15:34:03,00,Y,N,0,0,Y,,2024-01-08 开始转股,计算使用2.9年期 评级为AA- 债参考YTM：2.1391,N,6.0,全价：170.317 最后更新：15:34:03,,,,0,"{'G': '本次（2026年3月30日至2026年4月20日）不提前赎回，自2026年10月21日起重新计算', 'M': ''}",0,0,N,,,buy,buy
2026-09-14 14:19:48,113661,福22转债,f22zz,132.815,0.37,603806,福斯特,fst,14.4,-0.55,2.24,14.59,98.7,0,34.57,167.39,630504,电力设备,shmb,C,2022-12-22,[],0,0,buy,AA,,10.213,18.967,8.1,buy,2028-11-22,2.192,30.297,7353.78,20185.12,1.83,-7.13,,0,14:59:34,00,Y,N,1,1,Y,转股价下修1次，成功下修1次,2023-05-29 开始转股,计算使用2.2年期 评级为AA 债参考YTM：1.6536,N,30.3,全价：132.815 最后更新：14:59:34,,,,0,{'M': ''},0,0,N,,,buy,buy
2026-09-14 14:19:48,118036,力合转债,lhzz,141.154,1.61,688589,力合微,lhw,19.37,2.7,2.68,18.5,104.7,0,34.81,175.96,270104,电子,shkc,C,2023-07-20,[],0,0,buy,AA-,,12.95,24.05,13.5,buy,2029-06-28,2.789,3.8,3641.46,3917.76,6.83,-6.17,,0,14:59:59,00,Y,N,2,2,Y,转股价下修2次，成功下修2次,2024-01-04 开始转股,计算使用2.8年期 评级为AA- 债参考YTM：2.1154,N,3.8,全价：141.154 最后更新：14:59:59,,,,0,{'M': ''},0,0,N,,,buy,buy
2026-09-14 14:19:48,123173,恒锋转债,hfzz,136.789,1.01,300605,恒锋信息,hfxx,10.14,1.1,3.85,10.0,101.4,0,34.9,171.69,710401,计算机,szcy,C,2023-02-08,[],0,0,buy,BBB+,,7.0,13.0,18.2,buy,2028-12-30,2.296,2.33,1664.63,4458.16,5.24,-5.91,,0,15:34:03,00,Y,N,1,1,Y,转股价下修1次，成功下修1次,2023-07-06 开始转股,计算使用2.3年期 评级为BBB+ 债参考YTM：12.2143,N,2.424,全价：136.789 最后更新：15:34:03,,,,0,[],0,0,N,,,buy,buy
2026-09-14 14:19:48,127082,亚科转债,ykzz,133.177,0.33,002540,亚太科技,ytkj,5.12,-0.97,1.14,5.22,98.08,0,35.78,168.96,240301,有色金属,szmb,C,2023-04-27,[],0,0,buy,AA,,3.654,6.786,26.4,buy,2029-03-09,2.485,11.585,2702.53,4476.42,1.75,-5.73,,0,15:33:57,00,Y,N,0,0,Y,,2023-09-15 开始转股,计算使用2.5年期 评级为AA 债参考YTM：1.6749,N,11.59,全价：133.177 最后更新：15:33:57,,,,0,[],0,0,N,,,buy,buy
2026-09-14 14:19:48,118007,山石转债,sszz,141.262,3.59,688030,山石网科,sswk,17.05,9.36,4.32,16.5,103.33,0,36.71,177.97,710402,计算机,shkc,C,2022-04-21,[],0,0,buy,A-,,11.55,21.45,8.7,buy,2028-03-22,1.521,2.671,105008.69,13949.97,275.36,-12.08,,0,14:59:59,00,Y,N,1,1,Y,转股价下修1次，成功下修1次,2022-09-28 开始转股,计算使用1.6年期 评级为A- 债参考YTM：8.9241,N,2.674,全价：141.262 最后更新：14:59:59,,,,1,{'M': ''},0,0,N,,,buy,buy
2026-09-14 14:19:48,123133,佩蒂转债,pdzz,128.59,0.91,300673,佩蒂股份,pdgf,14.09,0.21,1.92,15.0,93.93,0,36.89,165.48,110404,农林牧渔,szcy,C,2022-01-21,[],0,0,buy,AA-,,10.5,19.5,31.8,buy,2027-12-22,1.271,7.198,5126.31,3783.72,5.54,-7.27,,0,15:34:00,00,Y,N,2,2,Y,转股价下修2次，成功下修2次,2022-06-28 开始转股,计算使用1.3年期 评级为AA- 债参考YTM：1.8390,N,7.2,全价：128.590 最后更新：15:34:00,,,,1,[],0,0,N,,,buy,buy
2026-09-14 14:19:48,123194,百洋转债,byzz,135.5,2.4,301015,百洋医药,byyy,24.43,4.45,5.36,24.79,98.55,0,37.5,173.0,370402,医药生物,szcy,C,2023-05-05,[],0,0,buy,AA-,,17.353,32.227,6.6,buy,2029-04-14,2.584,8.459,6062.88,12911.53,5.34,-5.78,,0,15:34:03,00,Y,N,0,0,Y,,2023-10-20 开始转股,计算使用2.6年期 评级为AA- 债参考YTM：2.0666,N,8.6,全价：135.500 最后更新：15:34:03,,,,0,{'M': ''},0,0,N,,,buy,buy
2026-09-14 14:19:48,111012,福新转债,fxzz,354.469,4.54,605488,福莱新材,flxc,28.49,2.3,3.76,11.11,256.44,0,38.23,392.7,220505,基础化工,shmb,C,2023-02-07,[],0,0,buy,A+,,7.777,14.443,1.2,buy,2029-01-04,2.31,1.016,126248.66,30686.76,344.43,-38.1,,0,15:00:00,00,Y,N,0,0,Y,,2023-07-10 开始转股,计算使用2.4年期 评级为A+ 债参考YTM：4.3704,N,4.29,全价：354.469 最后更新：15:00:00,,,,0,{'G': '本次（2026年6月22日至2026年7月10日）不提前赎回，自2026年10月10日之后的首个交易日重新起算'},0,0,N,,,buy,buy
2026-09-14 14:19:48,127060,湘佳转债,xjzz,125.797,0.0,002982,湘佳股份,xjgf,12.55,-1.8,1.51,13.8,90.94,0,38.33,164.13,110703,农林牧渔,szmb,C,2022-06-10,[],0,0,buy,A+,,9.66,17.94,39.2,buy,2028-04-19,1.597,6.399,3655.32,6145.68,4.54,-7.28,,0,15:34:33,00,Y,N,1,1,Y,转股价下修1次，成功下修1次,2022-10-25 开始转股,计算使用1.6年期 评级为A+ 债参考YTM：4.2241,N,6.4,全价：125.797 最后更新：15:34:33,,,,0,[],0,0,N,,,buy,buy
2026-09-14 14:19:48,118044,赛特转债,stzz,150.245,2.04,688398,赛特新材,stxc,20.46,0.94,3.02,18.85,108.54,0,38.42,188.67,220309,基础化工,shkc,C,2023-10-12,[],0,0,buy,A+,,13.195,24.505,12.9,buy,2029-09-11,2.995,4.42,7868.38,3292.58,11.91,-8.26,,0,14:59:52,00,Y,N,1,1,Y,转股价下修1次，成功下修1次,2024-03-15 开始转股,计算使用3.0年期 评级为A+ 债参考YTM：4.5119,N,4.42,全价：150.245 最后更新：14:59:52,,,,0,"{'G': '本次（2026年3月10日至2026年4月20日）不提前赎回，以2026年10月21日起算', 'M': ''}",0,0,N,,,buy,buy
2026-09-14 14:19:48,118035,国力转债,glzz,156.59,2.09,688103,国力电子,gldz,70.33,3.7,5.82,62.31,112.87,0,38.73,195.32,270401,电子,shkc,C,2023-07-06,[],0,0,buy,A+,,43.617,81.003,7.2,buy,2029-06-12,2.745,4.799,13302.55,14273.34,17.64,-9.85,,0,14:59:59,00,Y,N,0,0,Y,,2023-12-18 开始转股,计算使用2.8年期 评级为A+ 债参考YTM：4.4657,N,4.8,全价：156.590 最后更新：14:59:59,,,,0,{'M': ''},0,0,N,,,buy,buy
2026-09-14 14:19:48,123241,欧通转债,otzz,895.0,-1.27,300870,欧陆通,olt,198.61,-1.41,11.53,30.8,644.84,0,38.79,933.79,630306,电力设备,szcy,C,2024-07-26,[],0,0,buy,AA-,,21.56,40.04,0.9,buy,2030-07-05,3.808,2.604,90959.27,73435.33,39.28,-41.9,,0,15:34:21,00,Y,N,0,0,Y,,2025-01-13 开始转股,计算使用3.9年期 评级为AA- 债参考YTM：2.2689,N,6.445,全价：895.000 最后更新：15:34:21,,,,0,"{'G': '本次（2026年8月10日至2026年8月28日）不提前赎回，自2026年11月28日后首个交易日重新计算', 'M': ''}",0,0,N,,,buy,buy
2026-09-14 14:19:48,113636,甬金转债,yjzz,131.08,2.04,603995,甬金股份,yjgf,24.67,4.27,1.48,26.22,94.09,0,39.32,170.4,230501,钢铁,shmb,C,2021-12-31,[],0,0,buy,AA-,,18.354,34.086,11.1,buy,2027-12-13,1.247,9.995,4223.86,14692.14,3.25,-8.53,,0,14:58:48,00,Y,N,1,1,Y,转股价下修1次，成功下修1次,2022-06-17 开始转股,计算使用1.3年期 评级为AA- 债参考YTM：1.8390,N,10.0,全价：131.080 最后更新：14:58:48,,,,1,{'M': ''},0,0,N,,,buy,buy
2026-09-14 14:19:48,127050,麒麟转债,qlzz,122.319,0.02,002984,森麒麟,sql,13.21,-1.42,0.99,15.07,87.66,0,39.54,161.86,280204,汽车,szmb,C,2021-12-06,[],0,0,buy,AA,,10.549,19.591,22.1,buy,2027-11-11,1.159,20.86,4507.93,12546.85,1.76,-7.58,,0,15:34:51,00,Y,N,2,2,Y,转股价下修2次，成功下修2次,2022-05-17 开始转股,计算使用1.2年期 评级为AA 债参考YTM：1.6021,N,21.989,全价：122.319 最后更新：15:34:51,,,,1,{'M': ''},0,0,N,,,buy,buy
2026-09-14 14:19:48,123144,裕兴转债,yxzz,127.928,1.3,300305,裕兴股份,yxgf,6.41,2.4,1.22,7.0,91.57,0,39.7,167.63,220505,基础化工,szcy,C,2022-04-27,[],0,0,buy,A,,4.9,9.1,29.1,buy,2028-04-11,1.575,5.997,5201.78,8234.57,6.8,-5.58,,0,15:34:03,00,Y,N,2,2,Y,转股价下修2次，成功下修2次,2022-10-17 开始转股,计算使用1.6年期 评级为A 债参考YTM：6.5741,N,6.0,全价：127.928 最后更新：15:34:03,,,,1,[],0,0,N,,,buy,buy
2026-09-14 14:19:48,113659,莱克转债,lkzz,132.08,0.46,603355,莱克电气,lkdq,29.94,-0.8,2.88,31.72,94.39,0,39.93,172.01,330302,家用电器,shmb,C,2022-11-15,[],0,0,buy,AA,,22.204,41.236,7.0,buy,2028-10-14,2.085,11.998,12572.33,9382.51,7.96,-7.24,,0,14:59:47,00,Y,N,0,0,Y,,2023-04-20 开始转股,计算使用2.1年期 评级为AA 债参考YTM：1.6471,N,12.0,全价：132.080 最后更新：14:59:47,,,,0,{'M': ''},0,0,N,,,buy,buy
2026-09-14 14:19:48,123199,山河转债,shzz,138.266,1.23,300452,山河药辅,shyf,12.82,1.75,2.91,13.0,98.62,0,40.21,178.48,370101,医药生物,szcy,C,2023-07-07,[],0,0,buy,A+,,9.1,16.9,12.6,buy,2029-06-12,2.745,3.197,1853.71,3134.24,4.2,-7.66,,0,15:34:18,00,Y,N,1,1,Y,转股价下修1次，成功下修1次,2023-12-18 开始转股,计算使用2.8年期 评级为A+ 债参考YTM：4.4657,N,3.2,全价：138.266 最后更新：15:34:18,,,,0,[],0,0,N,,,buy,buy
2026-09-14 14:19:48,123284,强达转债,qdzz,219.525,4.99,301628,强达电路,qddl,131.4,7.51,8.31,84.04,156.35,164,40.4,259.93,270202,电子,szcy,C,2026-09-03,[],0,0,buy,AA-,,58.828,109.252,14.4,buy,2032-08-18,5.932,5.5,253766.6,70515.37,213.1,-10.6,,0,15:34:48,00,Y,N,0,0,Y,,未到转股期；2027-02-25 开始转股,计算使用6.0年期 评级为AA- 债参考YTM：2.9016,N,5.5,全价：219.525 最后更新：15:34:48,,,,0,{'M': ''},0,0,N,,,buy,buy
2026-09-14 14:19:48,127064,杭氧转债,hyzz,137.998,-0.27,002430,杭氧股份,hygf,25.23,-5.68,2.42,25.67,98.29,0,40.4,178.4,220309,基础化工,szmb,C,2022-07-05,[],0,0,buy,AA+,,17.969,33.371,4.6,buy,2028-05-19,1.68,11.364,7617.33,60766.57,4.87,-12.85,,0,15:33:54,00,Y,N,1,1,Y,转股价下修1次，成功下修1次,2022-11-25 开始转股,计算使用1.7年期 评级为AA+ 债参考YTM：1.5985,N,11.37,全价：137.998 最后更新：15:33:54,,,,1,{'M': ''},0,0,N,,,buy,buy
2026-09-14 14:19:48,123209,聚隆转债,jlzz,157.497,1.15,300644,南京聚隆,njjl,19.65,1.55,1.96,17.52,112.16,0,40.42,197.92,220503,基础化工,szcy,C,2023-08-17,[],0,0,buy,A+,,12.264,22.776,9.6,buy,2029-07-26,2.866,1.672,1996.83,3540.86,7.61,-10.01,,0,15:34:09,00,Y,N,0,0,Y,,2024-02-01 开始转股,计算使用2.9年期 评级为A+ 债参考YTM：4.4892,N,2.185,全价：157.497 最后更新：15:34:09,,,,0,[],0,0,N,,,buy,buy
2026-09-14 14:19:48,123124,晶瑞转2,jrz2,135.411,1.32,300655,晶瑞电材,jrdc,12.33,1.07,5.14,12.79,96.4,0,40.46,175.87,270601,电子,szcy,C,2021-09-07,[],0,0,buy,A+,,8.953,16.627,3.8,buy,2027-08-16,0.921,5.224,3234.29,24666.97,4.6,-22.79,,1,15:33:54,00,Y,N,1,1,Y,转股价下修1次，成功下修1次,2022-02-21 开始转股,计算使用1.0年期 评级为A+ 债参考YTM：4.1317,N,5.23,全价：135.411 最后更新：15:33:54,,,,1,{'M': ''},0,0,N,,23年6月前不下修,buy,buy
2026-09-14 14:19:48,123176,精测转2,jcz2,415.0,-0.51,300567,精测电子,jcdz,189.87,0.04,9.13,64.51,294.33,0,41.0,456.0,640107,机械设备,szcy,C,2023-03-22,[],0,0,buy,AA-,,45.157,83.863,3.0,buy,2029-03-02,2.466,12.753,63461.27,68966.73,12.0,-40.91,,0,15:34:06,00,Y,N,0,0,Y,,2023-09-08 开始转股,计算使用2.5年期 评级为AA- 债参考YTM：2.0424,N,12.76,全价：415.000 最后更新：15:34:06,,,,0,"{'G': '本次（2026年7月16日至2026年8月5日）不提前赎回，自2027年2月5日后首个交易日重新计算', 'M': ''}",0,0,N,,,buy,buy
2026-09-14 14:19:48,113067,燃23转债,r23zz,126.956,0.54,601139,深圳燃气,szrq,6.5,0.93,1.12,7.24,89.78,0,41.41,168.37,410301,公用事业,shmb,C,2023-08-18,[],0,0,buy,AAA,,5.068,9.412,16.0,buy,2029-07-27,2.869,29.999,4834.29,11189.68,1.27,-4.94,,0,14:59:00,00,Y,N,0,0,Y,,2024-02-02 开始转股,计算使用2.9年期 评级为AAA 债参考YTM：1.6256,N,30.0,全价：126.956 最后更新：14:59:00,,,,0,{'M': ''},0,0,N,,,buy,buy
2026-09-14 14:19:48,127099,盛航转债,shzz,133.744,1.37,001205,盛航股份,shgf,14.48,0.77,1.23,15.33,94.46,0,41.59,175.33,421101,交通运输,szmb,C,2023-12-28,[],0,0,buy,AA-,,10.731,19.929,18.8,buy,2029-12-06,3.23,4.541,4158.03,5028.93,6.85,-3.45,,0,15:34:09,00,Y,N,1,1,Y,转股价下修1次，成功下修1次,2024-06-12 开始转股,计算使用3.3年期 评级为AA- 债参考YTM：2.2124,N,7.4,全价：133.744 最后更新：15:34:09,,,,0,[],0,0,N,,,buy,buy
2026-09-14 14:19:48,127055,精装转债,jzzz,177.569,0.14,002989,中天精装,ztjz,23.16,1.89,3.31,18.5,125.19,0,41.84,219.41,620201,建筑装饰,szmb,C,2022-03-24,[],0,0,buy,AA-,,12.95,24.05,4.5,buy,2028-02-22,1.441,2.081,11040.35,9948.21,29.81,-25.4,,0,15:33:54,00,Y,N,0,0,Y,,2022-08-29 开始转股,计算使用1.5年期 评级为AA- 债参考YTM：1.8684,N,5.77,全价：177.569 最后更新：15:33:54,,,,1,{'G': '本次（2026年2月24日至2026年3月16日）不提前赎回，自2027年3月16日后首个交易日重新计算'},0,0,N,,,buy,buy
2026-09-14 14:19:48,113677,XD华懋转,hmzz,323.968,1.62,603306,华懋科技,hmkj,76.86,1.59,6.63,33.66,228.34,0,41.88,365.85,280202,汽车,shmb,C,2023-10-12,[],0,0,buy,AA-,,23.562,43.758,4.1,buy,2029-09-14,3.0,10.489,59109.38,64565.49,17.58,-29.4,,0,14:59:59,00,Y,N,0,0,Y,,2024-03-20 开始转股,计算使用3.0年期 评级为AA- 债参考YTM：2.1619,N,10.5,全价：323.968 最后更新：14:59:59,,,,0,"{'G': '本次（2026年6月29日至2026年7月17日）不提前赎回，自2026年10月17日之后的首个交易日重新起算', 'M': ''}",0,0,N,,,buy,buy
2026-09-14 14:19:48,113704,春风转债,cfzz,176.458,3.34,603129,春风动力,cfdl,299.88,3.59,5.74,241.7,124.07,93,42.22,218.68,280402,汽车,shmb,C,2026-07-07,[],0,0,buy,AA+,,169.19,314.21,4.7,buy,2032-06-09,5.74,21.79,19279.14,29454.1,5.07,-7.66,,0,15:00:00,00,Y,N,0,0,Y,,未到转股期；2026-12-16 开始转股,计算使用5.8年期 评级为AA+ 债参考YTM：1.8759,N,21.79,全价：176.458 最后更新：15:00:00,,,,0,{'M': ''},0,0,N,,,buy,buy
2026-09-14 14:19:48,123158,宙邦转债,zbzz,256.888,3.5,300037,新宙邦,xzb,73.02,2.08,4.81,40.49,180.34,0,42.45,299.34,630702,电力设备,szcy,C,2022-10-21,[],0,0,buy,AA,,28.343,52.637,4.5,buy,2028-09-26,2.036,18.046,80240.14,123127.15,17.32,-33.57,,0,15:34:03,00,Y,N,0,0,Y,,2023-03-30 开始转股,计算使用2.1年期 评级为AA 债参考YTM：1.6471,N,19.7,全价：256.888 最后更新：15:34:03,,,,0,"{'G': '本次（2026年7月23日至2026年8月12日）不提前赎回，自2027年2月12日后首个交易日重新计算', 'M': ''}",0,0,N,,,buy,buy
2026-09-14 14:19:48,118013,道通转债,dtzz,170.446,1.39,688208,道通科技,dtkj,25.54,0.04,4.35,21.48,118.9,0,43.35,213.8,710103,计算机,shkc,C,2022-07-28,[],0,0,buy,AA,,15.036,27.924,7.5,buy,2028-07-08,1.816,12.796,7366.52,12108.26,3.39,-18.94,,0,14:59:49,00,Y,N,0,0,Y,,2023-01-16 开始转股,计算使用1.9年期 评级为AA 债参考YTM：1.6356,N,12.8,全价：170.446 最后更新：14:59:49,,,,1,{'M': ''},0,0,N,,,buy,buy
2026-09-14 14:19:48,118056,路维转债,lwzz,268.775,4.35,688401,路维光电,lwgd,66.13,3.81,7.85,35.29,187.39,0,43.43,312.21,270103,电子,shkc,C,2025-07-10,[],0,0,buy,AA-,,24.703,45.877,4.8,buy,2031-06-11,4.743,6.144,54505.55,29901.89,33.55,-16.45,,0,15:00:00,00,Y,N,0,0,Y,,2025-12-17 开始转股,计算使用4.8年期 评级为AA- 债参考YTM：2.3498,N,6.15,全价：268.775 最后更新：15:00:00,,,,0,"{'G': '本次（2026年7月30日至2026年8月19日)不提前赎回，以2026年11月20日为首个交易日重新计算', 'M': ''}",0,0,N,,,buy,buy
2026-09-14 14:19:48,127105,龙星转债,lxzz,131.826,0.99,002442,龙星科技,lxkj,5.33,1.33,1.43,5.8,91.9,0,43.45,175.28,220603,基础化工,szmb,C,2024-03-06,[],0,0,buy,AA-,,4.06,7.54,28.8,buy,2030-01-31,3.384,7.534,2788.31,4556.33,2.82,-2.96,,0,15:34:51,00,Y,N,0,0,Y,,2024-08-07 开始转股,计算使用3.4年期 评级为AA- 债参考YTM：2.2239,N,7.54,全价：131.826 最后更新：15:34:51,,,,0,[],0,0,N,,,buy,buy
2026-09-14 14:19:48,123211,阳谷转债,ygzz,154.42,0.24,300121,阳谷华泰,yght,9.9,-1.59,1.21,9.2,107.61,0,43.5,197.92,220604,基础化工,szcy,C,2023-08-14,[],0,0,buy,AA-,,6.44,11.96,7.2,buy,2029-07-27,2.869,3.07,9534.0,18918.77,20.12,-8.94,,0,15:34:24,00,Y,N,0,0,Y,,2024-02-02 开始转股,计算使用2.9年期 评级为AA- 债参考YTM：2.1391,N,6.5,全价：154.420 最后更新：15:34:24,,,,0,[],0,0,N,,,buy,buy
2026-09-14 14:19:48,127046,百润转债,brzz,123.639,0.61,002568,百润股份,brgf,17.47,1.87,3.55,20.33,85.93,0,43.88,167.52,340602,食品饮料,szmb,C,2021-11-03,[],0,0,buy,AA,,14.231,26.429,8.5,buy,2027-09-29,1.041,11.274,6303.0,14091.66,4.52,-9.37,,0,15:34:45,00,Y,N,1,1,Y,转股价下修1次，成功下修1次,2022-04-12 开始转股,计算使用1.1年期 评级为AA 债参考YTM：1.5930,N,11.28,全价：123.639 最后更新：15:34:45,,,,0,{'M': ''},0,0,N,,,buy,buy
2026-09-14 14:19:48,127031,洋丰转债,yfzz,119.147,0.79,000902,新洋丰,xyf,13.89,-2.05,1.38,16.79,82.73,0,44.02,163.17,220805,基础化工,szmb,C,2021-04-23,[],0,0,buy,AA,,11.753,21.827,6.3,buy,2027-03-25,0.526,9.999,3134.57,14008.81,2.63,-11.46,,0,15:34:42,00,Y,N,1,1,Y,转股价下修1次，成功下修1次,2021-10-08 开始转股,计算使用0.6年期 评级为AA 债参考YTM：1.5420,N,10.0,全价：119.147 最后更新：15:34:42,,,,1,{'M': ''},0,0,N,,,buy,buy
2026-09-14 14:19:48,113070,渝水转债,yszz,125.18,0.52,601158,重庆水务,cqsw,4.1,0.0,1.15,4.72,86.86,0,44.11,169.29,760102,环保,shmb,C,2025-02-13,[],0,0,buy,AAA,,3.304,6.136,9.7,buy,2031-01-09,4.323,18.998,3421.82,2672.85,1.44,-2.72,,0,14:59:37,00,Y,N,0,0,Y,,2025-07-15 开始转股,计算使用4.4年期 评级为AAA 债参考YTM：1.7074,N,19.0,全价：125.180 最后更新：14:59:37,,,,0,{'M': ''},0,0,N,,,buy,buy
2026-09-14 14:19:48,123222,博俊转债,bjzz,142.847,0.63,300926,博俊科技,bjkj,16.3,-0.43,1.9,16.46,99.03,0,44.25,187.1,280205,汽车,szcy,C,2023-09-28,[],0,0,buy,A+,,11.522,21.398,5.0,buy,2029-09-08,2.986,2.438,3088.02,5128.8,8.89,-6.2,,0,15:34:15,00,Y,N,0,0,Y,,2024-03-14 开始转股,计算使用3.0年期 评级为A+ 债参考YTM：4.5119,N,5.0,全价：142.847 最后更新：15:34:15,,,,0,{'M': ''},0,0,N,,,buy,buy
2026-09-14 14:19:48,113048,晶科转债,jkzz,114.643,0.22,601778,晶科科技,jkkj,3.55,0.85,0.79,4.47,79.42,0,44.35,158.99,410106,公用事业,shmb,C,2021-05-31,[],0,0,buy,AA,,3.129,5.811,11.7,buy,2027-04-23,0.606,15.453,4736.87,26839.45,2.67,-3.83,,0,14:59:37,00,Y,N,2,2,Y,转股价下修2次，成功下修2次,2021-10-29 开始转股,计算使用0.7年期 评级为AA 债参考YTM：1.5472,N,30.0,全价：114.643 最后更新：14:59:37,,,,1,{'M': ''},0,0,N,,,buy,buy
2026-09-14 14:19:48,113646,永吉转债,yjzz,160.461,0.29,603058,永吉股份,yjgf,8.9,-0.34,3.24,8.05,110.56,0,45.14,205.6,360205,轻工制造,shmb,C,2022-05-17,[],0,0,buy,AA-,,5.635,10.465,3.7,buy,2028-04-14,1.584,1.372,6292.19,4505.49,28.58,-21.38,,0,14:59:57,00,Y,N,0,0,Y,,2022-10-20 开始转股,计算使用1.6年期 评级为AA- 债参考YTM：1.8829,N,1.459,全价：160.461 最后更新：14:59:57,,,,1,[],0,0,N,,,buy,buy
2026-09-14 14:19:48,110087,天业转债,tyzz,123.097,0.7,600075,新疆天业,xjty,4.74,-2.07,0.87,5.6,84.64,0,45.43,168.53,220202,基础化工,shmb,C,2022-07-19,[],0,0,buy,AA+,,3.92,7.28,37.0,buy,2028-06-23,1.775,29.975,4884.09,8978.39,1.33,-6.3,,0,14:59:14,00,Y,N,1,1,Y,转股价下修1次，成功下修1次,2022-12-29 开始转股,计算使用1.8年期 评级为AA+ 债参考YTM：1.6023,N,30.0,全价：123.097 最后更新：14:59:14,,,,1,{'M': ''},0,0,N,,,buy,buy
2026-09-14 14:19:48,123255,鼎龙转债,dlzz,343.575,1.41,300054,鼎龙股份,dlgf,66.94,0.45,11.33,28.38,235.87,0,45.66,389.24,270601,电子,szcy,C,2025-04-23,[],0,0,buy,AA,,19.866,36.894,1.8,buy,2031-04-02,4.551,9.095,40817.98,88006.7,13.27,-21.71,,0,15:34:27,00,Y,N,0,0,Y,,2025-10-09 开始转股,计算使用4.6年期 评级为AA 债参考YTM：1.8366,N,9.1,全价：343.575 最后更新：15:34:27,,,,0,"{'G': '本次（2026年4月8日至2026年4月28日）不提前赎回，自2026年10月28日后首个交易日重新计算', 'M': ''}",0,0,N,,,buy,buy
2026-09-14 14:19:48,123225,翔丰转债,xfzz,135.6,1.19,300890,翔丰华,xfh,25.31,2.47,1.31,27.34,92.58,0,46.48,182.08,630702,电力设备,szcy,C,2023-10-26,[],0,0,buy,AA-,,19.138,35.542,20.2,buy,2029-10-10,3.074,5.585,2839.96,8210.05,3.76,-3.32,,0,15:34:09,00,Y,N,1,1,Y,转股价下修1次，成功下修1次,2024-04-16 开始转股,计算使用3.1年期 评级为AA- 债参考YTM：2.1820,N,8.0,全价：135.600 最后更新：15:34:09,,,,0,{'M': ''},0,0,N,,,buy,buy
2026-09-14 14:19:48,110103,申能转债,snzz,146.174,1.57,600642,申能股份,sngf,8.71,1.52,1.04,8.74,99.66,140,46.68,192.85,410101,公用事业,shmb,C,2026-08-13,[],0,0,buy,AAA,,6.118,11.362,4.7,buy,2032-07-23,5.86,20.0,5815.12,15564.23,2.0,-4.77,,0,14:59:54,00,Y,N,0,0,Y,,未到转股期；2027-02-01 开始转股,计算使用5.9年期 评级为AAA 债参考YTM：1.7759,N,20.0,全价：146.174 最后更新：14:59:54,,,,0,{'M': ''},0,0,N,,,buy,buy
2026-09-14 14:19:48,123088,威唐转债,wtzz,115.112,-0.02,300707,威唐工业,wtgy,11.74,0.77,1.81,14.97,78.42,0,46.78,161.89,280205,汽车,szcy,C,2021-01-06,[],0,0,buy,A+,,10.479,19.461,17.8,buy,2026-12-15,0.252,3.004,1729.54,2428.51,5.0,-0.39,,0,15:34:51,00,Y,N,1,1,Y,转股价下修1次，成功下修1次,2021-06-21 开始转股,计算使用0.3年期 评级为A+ 债参考YTM：4.0149,N,3.014,全价：115.112 最后更新：15:34:51,,,,1,[],0,0,N,,,buy,buy
2026-09-14 14:19:48,111022,锡振转债,xzzz,156.875,-7.23,605319,无锡振华,wxzh,23.9,-9.81,2.89,22.39,106.74,0,46.96,203.84,280205,汽车,shmb,C,2025-07-14,[],0,0,buy,AA-,,15.673,29.107,6.2,buy,2031-06-18,4.762,5.197,22624.97,27764.57,27.31,-5.96,,0,14:59:59,00,Y,N,0,0,Y,,2025-12-24 开始转股,计算使用4.8年期 评级为AA- 债参考YTM：2.3498,N,5.2,全价：156.875 最后更新：14:59:59,,,,0,[],0,0,N,,,buy,buy
2026-09-14 14:19:48,118059,颀中转债,qzzz,187.434,4.28,688352,颀中科技,qzkj,17.46,5.24,3.6,13.7,127.45,0,47.07,234.5,270107,电子,shkc,C,2025-11-21,[],0,0,buy,AA+,,9.59,17.81,13.3,buy,2031-11-03,5.14,8.498,39111.47,40943.34,25.03,-9.58,,0,14:59:59,00,Y,N,0,0,Y,,2026-05-07 开始转股,计算使用5.2年期 评级为AA+ 债参考YTM：1.7990,N,8.5,全价：187.434 最后更新：14:59:59,,,,0,"{'G': '本次（2026年5月26日至2026年6月17日）不提前赎回，以2026年12月18日为首个交易日重新计算', 'M': ''}",0,0,N,,,buy,buy
2026-09-14 14:19:48,111003,聚合转债,jhzz,139.059,0.81,605166,聚合顺,jhs,8.33,-0.12,1.3,8.85,94.12,0,47.74,186.8,220406,基础化工,shmb,C,2022-04-19,[],0,0,buy,AA-,,6.195,11.505,7.8,buy,2028-03-07,1.48,2.035,1730.93,2853.32,6.12,-10.92,,0,14:59:51,00,Y,N,2,2,Y,转股价下修2次，成功下修2次,2022-09-13 开始转股,计算使用1.5年期 评级为AA- 债参考YTM：1.8684,N,2.04,全价：139.059 最后更新：14:59:51,,,,1,[],0,0,N,,,buy,buy
2026-09-14 14:19:48,113649,丰山转债,fszz,129.395,0.94,603810,丰山集团,fsjt,11.92,1.02,1.22,13.61,87.58,0,47.74,177.14,220803,基础化工,shmb,C,2022-07-21,[],0,0,buy,AA-,,9.527,17.693,23.2,buy,2028-06-27,1.786,4.577,3566.92,2222.23,6.03,-5.54,,0,14:59:38,00,Y,N,0,0,Y,,2023-01-03 开始转股,计算使用1.8年期 评级为AA- 债参考YTM：1.9116,N,5.0,全价：129.395 最后更新：14:59:38,,,,1,[],0,0,N,,,buy,buy
2026-09-14 14:19:48,127113,长高转债,cgzz,158.8,0.95,002452,长高电气,cgdq,11.73,-0.68,2.32,10.92,107.42,0,47.83,206.63,630801,电力设备,szmb,C,2026-03-30,[],0,0,buy,AA-,,7.644,14.196,12.5,buy,2032-03-09,5.488,7.586,3329.11,11942.66,2.77,-5.98,,0,15:34:15,00,Y,N,0,0,Y,,2026-09-14 开始转股,计算使用5.5年期 评级为AA- 债参考YTM：2.6002,N,7.59,全价：158.800 最后更新：15:34:15,,,,0,{'M': ''},0,0,N,,,buy,buy
2026-09-14 14:19:48,118060,瑞可转债,rkzz,187.175,-1.27,688800,瑞可达,rkd,66.11,-1.08,7.57,52.53,125.85,0,48.73,235.91,270401,电子,shkc,C,2025-12-12,[],0,0,buy,AA-,,36.771,68.289,5.2,buy,2031-11-14,5.17,9.999,20095.72,49998.47,10.72,-8.99,,0,14:59:57,00,Y,N,0,0,Y,,2026-05-20 开始转股,计算使用5.2年期 评级为AA- 债参考YTM：2.4214,N,10.0,全价：187.175 最后更新：14:59:57,,,,0,"{'G': '本次（2026年5月20日至2026年6月9日）不提前赎回，以2026年12月10日为首个交易日重新计算', 'M': ''}",0,0,Y,,,buy,buy
2026-09-14 14:19:48,110092,三房转债,sfzz,73.404,-0.02,600370,*ST三房,sfx,1.49,0.0,1.16,3.02,49.34,0,48.78,122.18,220401,基础化工,shmb,C,2023-02-07,[],0,0,buy,A-,,2.114,3.926,35.3,buy,2029-01-06,2.315,21.185,1942.08,2034.2,1.25,21.15,,0,14:59:55,00,Y,N,0,0,Y,,2023-07-12 开始转股,计算使用2.4年期 评级为A- 债参考YTM：9.0704,N,25.0,全价：73.404 最后更新：14:59:55,,,,0,[],0,0,N,,,buy,buy
2026-09-14 14:19:48,113610,灵康转债,lkzz,120.21,0.07,603669,灵康药业,lkyy,5.25,2.54,5.83,6.5,80.77,0,48.83,169.04,370102,医药生物,shmb,C,2020-12-22,[],0,0,buy,A-,,4.55,8.45,6.8,buy,2026-12-01,0.214,2.528,809.1,8133.67,2.66,-20.54,,0,14:59:37,00,Y,N,3,2,Y,转股价下修3次，成功下修2次,2021-06-07 开始转股,计算使用0.3年期 评级为A- 债参考YTM：8.7149,Y,5.25,全价：120.210 最后更新：14:59:37,,,"按下调到底估算
股东大会：2026-09-16
预估转股价：5.54
预估转股价值：94.77
期权价值：6.29
理论价值：119.25
理论偏离度：0.80%",1,[],0,0,N,,,buy,buy
2026-09-14 14:19:48,123157,科蓝转债,klzz,133.743,0.56,300663,科蓝软件,klrj,7.87,-0.76,11.42,8.8,89.43,0,49.55,183.29,710401,计算机,szcy,C,2022-09-20,[],0,0,buy,A-,,6.16,11.44,6.4,buy,2028-08-30,1.962,2.34,6087.18,12306.72,19.52,-6.54,,0,15:34:03,00,Y,N,2,2,Y,转股价下修2次，成功下修2次,2023-03-06 开始转股,计算使用2.0年期 评级为A- 债参考YTM：8.9909,N,4.946,全价：133.743 最后更新：15:34:03,,,,1,{'M': ''},0,0,N,,,buy,buy
2026-09-14 14:19:48,123268,本川转债,bczz,198.0,2.28,300964,本川智能,bczn,71.53,4.12,6.77,54.13,132.15,39,49.84,247.84,270202,电子,szcy,C,2026-05-07,[],0,0,buy,AA-,,37.891,70.369,7.6,buy,2032-04-16,5.592,4.69,103601.8,90704.62,111.76,-8.83,,0,15:34:18,00,Y,N,0,0,Y,,未到转股期；2026-10-23 开始转股,计算使用5.6年期 评级为AA- 债参考YTM：2.6702,N,4.69,全价：198.000 最后更新：15:34:18,,,,0,{'M': ''},0,0,N,,,buy,buy
2026-09-14 14:19:48,123171,共同转债,gtzz,126.042,0.33,300966,共同药业,gtyy,22.77,-1.0,3.3,27.08,84.08,0,49.9,175.94,370101,医药生物,szcy,C,2022-12-16,[],0,0,buy,A-,,18.956,35.204,21.8,buy,2028-11-28,2.208,3.799,2932.12,3108.81,6.12,-2.52,,0,15:34:06,00,Y,N,0,0,Y,,2023-06-02 开始转股,计算使用2.3年期 评级为A- 债参考YTM：9.0482,N,3.8,全价：126.042 最后更新：15:34:06,,,,0,{'M': ''},0,0,N,,,buy,buy
2026-09-14 14:19:48,127034,绿茵转债,lyzz,121.0,2.46,002887,绿茵生态,lyst,9.04,-0.11,1.17,11.21,80.64,0,50.05,171.05,760104,环保,szmb,C,2021-05-28,[],0,0,buy,AA-,,7.847,14.573,21.8,buy,2027-04-30,0.625,4.279,10311.16,2671.1,19.95,-10.63,,0,15:34:45,00,Y,N,1,0,Y,转股价下修1次，成功下修0次,2021-11-11 开始转股,计算使用0.7年期 评级为AA- 债参考YTM：1.7432,Y,7.12,全价：121.000 最后更新：15:34:45,,,"按下调到底估算
股东大会：2026-09-23
预估转股价：9.58
预估转股价值：94.36
期权价值：10.40
理论价值：122.19
理论偏离度：-0.98%",1,[],0,0,N,,,buy,buy
2026-09-14 14:19:48,113665,汇通转债,htzz,126.569,0.83,603176,汇通集团,htjt,5.32,1.14,2.26,6.31,84.31,0,50.12,176.69,620306,建筑装饰,shmb,C,2023-01-11,[],0,0,buy,A+,,4.417,8.203,14.6,buy,2028-12-15,2.255,3.596,3752.85,2196.65,8.27,-2.94,,0,14:58:47,00,Y,N,1,1,Y,转股价下修1次，成功下修1次,2023-06-21 开始转股,计算使用2.3年期 评级为A+ 债参考YTM：4.3482,N,3.6,全价：126.569 最后更新：14:58:47,,,,0,[],0,0,N,,,buy,buy
2026-09-14 14:19:48,123165,回天转债,htzz,134.9,1.17,300041,回天新材,htxc,10.59,2.12,1.87,11.8,89.75,0,50.31,185.21,220316,基础化工,szcy,C,2022-11-15,[],0,0,buy,AA-,,8.26,15.34,14.7,buy,2028-10-27,2.121,8.496,8961.56,12339.3,7.9,-6.05,,0,15:34:09,00,Y,N,1,1,Y,转股价下修1次，成功下修1次,2023-05-04 开始转股,计算使用2.2年期 评级为AA- 债参考YTM：1.9760,N,8.5,全价：134.900 最后更新：15:34:09,,,,0,{'M': ''},0,0,N,,,buy,buy
2026-09-14 14:19:48,113680,丽岛转债,ldzz,134.031,0.69,603937,丽岛新材,ldxc,11.51,0.52,1.52,12.91,89.16,0,50.33,184.36,240301,有色金属,shmb,C,2023-12-05,[],0,0,buy,A+,,9.037,16.783,12.5,buy,2029-11-15,3.173,2.998,2514.15,3564.21,6.27,-3.43,,0,14:59:27,00,Y,N,0,0,Y,,2024-05-21 开始转股,计算使用3.2年期 评级为A+ 债参考YTM：4.5493,N,3.0,全价：134.031 最后更新：14:59:27,,,,0,[],0,0,N,,,buy,buy
2026-09-14 14:19:48,123142,申昊转债,shzz,124.02,1.0,300853,申昊科技,shkj,27.8,2.47,6.7,33.71,82.47,0,50.39,174.41,630803,电力设备,szcy,C,2022-04-11,[],0,0,buy,BBB+,,23.597,43.823,13.5,buy,2028-03-18,1.51,5.494,1867.58,8423.98,2.75,-6.41,,0,15:34:00,00,Y,N,0,0,Y,,2022-09-26 开始转股,计算使用1.6年期 评级为BBB+ 债参考YTM：12.0349,N,5.5,全价：124.020 最后更新：15:34:00,,,,1,[],0,0,N,,,buy,buy
2026-09-14 14:19:48,118012,微芯转债,wxzz,144.689,1.9,688321,微芯生物,wxsw,24.27,2.49,4.22,25.34,95.78,0,51.07,195.76,370102,医药生物,shkc,C,2022-07-28,[],0,0,buy,A+,,17.738,32.942,4.6,buy,2028-07-05,1.808,4.995,6955.74,14009.45,9.66,-11.0,,0,14:59:59,00,Y,N,0,0,Y,,2023-01-11 开始转股,计算使用1.9年期 评级为A+ 债参考YTM：4.2747,N,5.0,全价：144.689 最后更新：14:59:59,,,,1,{'M': ''},0,0,N,,,buy,buy
2026-09-14 14:19:48,127049,希望转2,xwz2,110.443,0.31,000876,新希望,xxw,7.38,-1.86,1.75,10.13,72.85,0,51.6,162.04,110402,农林牧渔,szmb,C,2021-11-29,[],0,0,buy,AAA,,7.091,13.169,24.5,buy,2027-11-02,1.134,81.434,8144.98,36028.69,0.91,-1.5,,0,15:34:48,00,Y,N,1,1,Y,转股价下修1次，成功下修1次,2022-05-09 开始转股,计算使用1.2年期 评级为AAA 债参考YTM：1.5251,N,81.5,全价：110.443 最后更新：15:34:48,,,,1,{'M': ''},0,0,N,,,buy,buy
2026-09-14 14:19:48,118039,煜邦转债,ybzz,128.692,1.03,688597,煜邦电力,ybdl,6.18,-0.32,2.53,7.3,84.66,0,52.01,180.7,630804,电力设备,shkc,C,2023-08-15,[],0,0,buy,A,,5.11,9.49,19.8,buy,2029-07-20,2.849,4.104,3367.02,2301.6,6.37,-3.4,,0,14:59:41,00,Y,N,0,0,Y,,2024-01-26 开始转股,计算使用2.9年期 评级为A 债参考YTM：6.8392,N,4.108,全价：128.692 最后更新：14:59:41,,,,0,{'M': ''},0,0,N,,,buy,buy
2026-09-14 14:19:48,111024,澳弘转债,ahzz,166.465,7.72,605058,澳弘电子,ahdz,36.64,10.0,2.91,33.54,109.24,0,52.38,218.85,270202,电子,shmb,C,2026-01-16,[],0,0,buy,AA-,,23.478,43.602,11.1,buy,2031-12-11,5.244,5.799,245034.72,55504.02,261.33,-6.78,,0,15:00:00,00,Y,N,0,0,Y,,2026-06-17 开始转股,计算使用5.3年期 评级为AA- 债参考YTM：2.4720,N,5.8,全价：166.465 最后更新：15:00:00,,,,0,[],0,0,N,,,buy,buy
2026-09-14 14:19:48,123195,蓝晓转02,lxz02,173.298,2.24,300487,蓝晓科技,lxkj,67.17,2.41,7.24,59.21,113.44,0,52.76,226.06,220504,基础化工,szcy,C,2023-05-08,[],0,0,buy,A+,,41.447,76.973,2.6,buy,2029-04-17,2.592,5.455,16086.34,32369.48,17.14,-13.65,,0,15:34:06,00,Y,N,0,0,Y,,2023-10-23 开始转股,计算使用2.6年期 评级为A+ 债参考YTM：4.4176,N,5.461,全价：173.298 最后更新：15:34:06,,,,0,{'M': ''},0,0,N,,,buy,buy
2026-09-14 14:19:48,127059,永东转2,ydz2,128.804,0.86,002753,永东股份,ydgf,6.82,1.19,1.09,8.11,84.09,0,53.17,181.97,220603,基础化工,szmb,C,2022-05-16,[],0,0,buy,AA-,,5.677,10.543,18.8,buy,2028-04-08,1.567,3.79,7682.44,9642.37,15.72,-6.02,,0,15:33:54,00,Y,N,0,0,Y,,2022-10-14 开始转股,计算使用1.6年期 评级为AA- 债参考YTM：1.8829,N,3.8,全价：128.804 最后更新：15:33:54,,,,1,[],0,0,N,,,buy,buy
2026-09-14 14:19:48,123172,漱玉转债,syzz,125.7,1.13,301017,漱玉平民,sypm,12.23,1.33,2.36,14.91,82.03,0,53.25,178.95,370403,医药生物,szcy,C,2023-01-06,[],0,0,buy,AA-,,10.437,19.383,25.2,buy,2028-12-15,2.255,7.96,4524.01,6303.66,4.54,-3.38,,0,15:34:00,00,Y,N,1,1,Y,转股价下修1次，成功下修1次,2023-06-21 开始转股,计算使用2.3年期 评级为AA- 债参考YTM：1.9967,N,8.0,全价：125.700 最后更新：15:34:00,,,,0,{'M': ''},0,0,N,,,buy,buy
2026-09-14 14:19:48,110093,神马转债,smzz,120.939,0.52,600810,神马股份,smgf,6.37,-0.93,0.74,8.08,78.84,0,53.4,174.34,220406,基础化工,shmb,C,2023-04-20,[],0,0,buy,AAA,,5.656,10.504,32.2,buy,2029-03-16,2.504,22.197,4996.57,3658.82,1.86,-3.77,,0,14:58:16,00,Y,N,0,0,Y,,2023-09-22 开始转股,计算使用2.6年期 评级为AAA 债参考YTM：1.6060,N,30.0,全价：120.939 最后更新：14:58:16,,,,0,{'M': ''},0,0,N,,,buy,buy
2026-09-14 14:19:48,127093,章鼓转债,zgzz,128.0,0.42,002598,ST章鼓,sdzg,6.91,0.44,1.61,8.3,83.25,0,53.75,181.75,640106,机械设备,szmb,C,2023-11-03,[],0,0,buy,A,,5.81,10.79,12.2,buy,2029-10-17,3.093,2.425,481.09,1074.73,1.55,-2.63,,0,15:34:00,00,Y,N,1,1,Y,转股价下修1次，成功下修1次,2024-04-23 开始转股,计算使用3.1年期 评级为A 债参考YTM：6.8822,N,2.43,全价：128.000 最后更新：15:34:00,,,,0,[],0,0,N,,,buy,buy
2026-09-14 14:19:48,127054,双箭转债,sjzz,123.057,1.01,002381,双箭股份,sjgf,5.52,1.1,1.07,6.96,79.31,0,55.16,178.22,220602,基础化工,szmb,C,2022-03-15,[],0,0,buy,AA,,4.872,9.048,28.5,buy,2028-02-11,1.411,5.136,2995.53,2604.41,4.74,-5.46,,0,15:34:51,00,Y,N,0,0,Y,,2022-08-17 开始转股,计算使用1.5年期 评级为AA 债参考YTM：1.6197,N,5.136,全价：123.057 最后更新：15:34:51,,,,1,[],0,0,N,,,buy,buy
2026-09-14 14:19:48,113694,清源转债,qyzz,125.96,0.44,603628,清源股份,qygf,10.43,-0.57,2.13,12.85,81.17,0,55.19,181.15,630504,电力设备,shmb,C,2025-04-25,[],0,0,buy,A+,,8.995,16.705,17.6,buy,2031-04-08,4.567,4.999,3990.85,5882.88,6.34,-1.31,,0,14:59:26,00,Y,N,0,0,Y,,2025-10-14 开始转股,计算使用4.6年期 评级为A+ 债参考YTM：4.6905,N,5.0,全价：125.960 最后更新：14:59:26,,,,0,{'M': ''},0,0,N,,,buy,buy
2026-09-14 14:19:48,123280,三鑫转债,sxzz,148.706,1.78,300453,三鑫医疗,sxyl,9.28,1.87,3.25,9.72,95.47,149,55.76,204.47,370503,医药生物,szcy,C,2026-08-19,[],0,0,buy,AA-,,7.776,12.636,15.7,buy,2032-08-03,5.89,5.3,7003.19,5644.41,8.93,-4.5,,0,15:34:36,00,Y,N,0,0,Y,,未到转股期；2027-02-10 开始转股,计算使用5.9年期 评级为AA- 债参考YTM：2.8586,N,5.3,全价：148.706 最后更新：15:34:36,,,,0,[],0,0,N,,,buy,buy
2026-09-14 14:19:48,123277,玉禾转债,yhzz,140.0,1.04,300815,玉禾田,yht,14.68,1.17,1.24,16.35,89.79,143,55.93,195.93,760103,环保,szcy,C,2026-08-14,[],0,0,buy,AA,,11.445,21.255,26.1,buy,2032-07-28,5.874,15.0,4835.6,4581.48,2.3,-3.54,,0,15:34:30,00,Y,N,0,0,Y,,未到转股期；2027-02-04 开始转股,计算使用5.9年期 评级为AA 债参考YTM：2.0131,N,15.0,全价：140.000 最后更新：15:34:30,,,,0,[],0,0,N,,,buy,buy
2026-09-14 14:19:48,123071,天能转债,tnzz,114.785,0.0,300569,天能重工,tnzg,4.89,-1.61,0.93,6.68,73.2,0,56.8,171.59,630602,电力设备,szcy,C,2020-11-25,[],0,0,buy,AA-,,4.676,8.684,13.9,buy,2026-10-21,0.101,6.936,4589.67,13070.94,5.76,1.9,,0,15:34:48,00,Y,N,2,2,Y,转股价下修2次，成功下修2次,2021-04-27 开始转股,计算使用0.2年期 评级为AA- 债参考YTM：1.6571,N,7.0,全价：114.785 最后更新：15:34:48,,,,1,"{'R': '到期\n最后交易日：2026-10-15\n最后转股日：2026-10-20\n', 'M': ''}",0,0,N,,,buy,buy
2026-09-14 14:19:48,123261,普联转债,plzz,155.38,0.63,300996,普联软件,plrj,12.85,0.23,3.96,12.97,99.08,0,56.83,212.21,710401,计算机,szcy,C,2025-12-22,[],0,0,buy,A+,,9.079,16.861,5.7,buy,2031-12-05,5.227,2.428,13953.77,14106.32,37.01,-5.07,,0,15:34:21,00,Y,N,0,0,Y,,2026-06-11 开始转股,计算使用5.3年期 评级为A+ 债参考YTM：4.8205,N,2.43,全价：155.380 最后更新：15:34:21,,,,0,{'M': ''},0,0,N,,,buy,buy
2026-09-14 14:19:48,113678,中贝转债,zbzz,138.287,0.91,603220,中贝通信,zbtx,18.0,0.5,2.48,20.47,87.93,0,57.26,195.55,730103,通信,shmb,C,2023-11-21,[],0,0,buy,A+,,14.329,26.611,5.3,buy,2029-10-19,3.099,5.106,4488.41,22669.64,6.37,-4.46,,0,14:59:59,00,Y,N,2,1,Y,转股价下修2次，成功下修1次,2024-04-25 开始转股,计算使用3.1年期 评级为A+ 债参考YTM：4.5322,N,5.17,全价：138.287 最后更新：14:59:59,,,,0,{'M': ''},0,0,N,,,buy,buy
2026-09-14 14:19:48,123183,海顺转债,hszz,125.78,0.89,300501,海顺新材,hsxc,9.3,-0.85,1.8,11.63,79.97,0,57.29,183.07,360206,轻工制造,szcy,C,2023-04-20,[],0,0,buy,AA-,,8.141,15.119,24.5,buy,2029-03-23,2.523,6.329,3482.54,2949.12,4.38,-2.38,,0,15:34:12,00,Y,N,2,0,Y,转股价下修2次，成功下修0次,2023-10-09 开始转股,计算使用2.6年期 评级为AA- 债参考YTM：2.0666,N,6.33,全价：125.780 最后更新：15:34:12,,,,0,[],0,0,N,,,buy,buy
2026-09-14 14:19:48,127089,晶澳转债,jazz,117.757,0.32,002459,晶澳科技,jakj,6.66,0.3,1.12,8.9,74.83,0,57.36,175.12,630502,电力设备,szmb,C,2023-08-04,[],0,0,buy,AA+,,6.23,11.57,40.7,buy,2029-07-18,2.844,89.588,9559.99,13278.5,0.91,-2.0,,0,15:34:03,00,Y,N,3,2,Y,转股价下修3次，成功下修2次,2024-01-24 开始转股,计算使用2.9年期 评级为AA+ 债参考YTM：1.6657,N,89.603,全价：117.757 最后更新：15:34:03,,,,0,{'M': ''},0,0,N,,,buy,buy
2026-09-14 14:19:48,127108,太能转债,tnzz,123.653,0.52,000591,太阳能,tyn,4.35,-0.46,0.7,5.54,78.52,0,57.48,181.13,410106,公用事业,szmb,C,2025-04-16,[],0,0,buy,AA+,,3.878,7.202,17.4,buy,2031-03-28,4.537,29.498,6993.47,20460.26,1.92,-1.25,,0,15:34:48,00,Y,N,0,0,Y,,2025-10-09 开始转股,计算使用4.6年期 评级为AA+ 债参考YTM：1.7755,N,29.5,全价：123.653 最后更新：15:34:48,,,,0,{'M': ''},0,0,N,,,buy,buy
2026-09-14 14:19:48,123155,中陆转债,zlzz,129.431,0.02,301040,中环海陆,zhhl,26.1,-0.61,3.46,31.76,82.18,0,57.5,186.93,630602,电力设备,szcy,C,2022-08-31,[],0,0,buy,A+,,22.232,41.288,14.6,buy,2028-08-12,1.912,3.6,3123.78,3694.53,6.72,-4.99,,0,15:34:00,00,Y,N,0,0,Y,,2023-02-20 开始转股,计算使用2.0年期 评级为A+ 债参考YTM：4.2909,N,3.6,全价：129.431 最后更新：15:34:00,,,,1,{'M': ''},0,0,N,,,buy,buy
2026-09-14 14:19:48,123269,金杨转债,jyzz,145.573,2.81,301210,金杨精密,jygf,26.02,7.74,2.06,28.24,92.14,42,57.99,203.56,630701,电力设备,szcy,C,2026-05-11,[],0,0,buy,AA-,,19.768,36.712,61.3,buy,2032-04-19,5.6,9.8,11058.05,11969.53,7.75,-4.37,,0,15:34:21,00,Y,N,0,0,Y,,未到转股期；2026-10-26 开始转股,计算使用5.6年期 评级为AA- 债参考YTM：2.6702,N,9.8,全价：145.573 最后更新：15:34:21,,,,0,{'M': ''},0,0,N,,,buy,buy
2026-09-14 14:19:48,123224,宇邦转债,ybzz,135.99,1.52,301266,宇邦新材,ybxc,24.24,2.24,1.85,28.17,86.05,0,58.04,194.03,630504,电力设备,szcy,C,2023-10-18,[],0,0,buy,A+,,19.719,36.621,8.7,buy,2029-09-19,3.016,2.848,5308.8,12517.53,13.76,-4.23,,0,15:34:27,00,Y,N,1,1,N,"转股价下修1次，成功下修1次
2026-09-11 起暂停转股：权益分派
转股价28.170生效日期2026-05-22",2024-03-25 开始转股;2026-09-11 起暂停转股：权益分派,计算使用3.1年期 评级为A+ 债参考YTM：4.5322,N,5.0,全价：135.990 最后更新：15:34:27,,,,0,{'M': ''},0,0,N,,,buy,buy
2026-09-14 14:19:48,113688,国检转债,gjzz,135.683,1.48,603060,国检集团,gjjt,5.53,1.28,2.18,6.45,85.74,0,58.26,193.94,460802,社会服务,shmb,C,2024-11-12,[],0,0,buy,AA+,,4.515,8.385,18.0,buy,2030-10-17,4.093,7.997,2285.49,2425.04,2.11,-3.76,,0,14:59:37,00,Y,N,0,0,Y,,2025-04-23 开始转股,计算使用4.1年期 评级为AA+ 债参考YTM：1.7568,N,8.0,全价：135.683 最后更新：14:59:37,,,,0,[],0,0,N,,,buy,buy
2026-09-14 14:19:48,123237,佳禾转债,jhzz,130.857,0.73,300793,佳禾智能,jhzn,11.12,0.91,1.5,13.46,82.62,0,58.39,189.25,270504,电子,szcy,C,2024-01-24,[],0,0,buy,A+,,9.422,17.498,10.4,buy,2030-01-04,3.31,4.314,1509.39,4059.94,2.67,-3.31,,0,15:34:18,00,Y,N,1,1,Y,转股价下修1次，成功下修1次,2024-07-10 开始转股,计算使用3.4年期 评级为A+ 债参考YTM：4.5764,N,10.04,全价：130.857 最后更新：15:34:18,,,,0,[],0,0,N,,,buy,buy
2026-09-14 14:19:48,123119,康泰转2,ktz2,121.074,1.15,300601,康泰生物,ktsw,11.91,1.36,1.38,15.69,75.91,0,59.5,180.57,370303,医药生物,szcy,C,2021-08-05,[],0,0,buy,AA,,10.983,20.397,18.6,buy,2027-07-15,0.833,19.99,5249.03,12286.16,2.18,-9.03,,0,15:33:57,00,Y,N,6,5,Y,转股价下修6次，成功下修5次,2022-01-21 开始转股,计算使用0.9年期 评级为AA 债参考YTM：1.5677,N,20.0,全价：121.074 最后更新：15:33:57,,,,1,{'M': ''},0,0,N,,,buy,buy
2026-09-14 14:19:48,127111,金威转债,jwzz,136.831,1.36,002626,金达威,jdw,16.43,3.07,2.38,19.19,85.62,0,59.82,196.65,340407,食品饮料,szmb,C,2025-09-08,[],0,0,buy,AA,,13.433,24.947,12.9,buy,2031-08-20,4.934,12.924,3630.27,7327.51,2.06,-3.78,,0,15:33:54,00,Y,N,0,0,Y,,2026-02-26 开始转股,计算使用5.0年期 评级为AA 债参考YTM：1.8561,N,12.924,全价：136.831 最后更新：15:33:54,,,,0,{'M': ''},0,0,N,,,buy,buy
2026-09-14 14:19:48,113699,金25转债,j25zz,187.997,0.68,603979,金诚信,jcx,73.86,-1.52,3.72,62.8,117.61,0,59.85,247.85,240302,有色金属,shmb,C,2025-10-27,[],0,0,buy,AA,,43.96,81.64,4.3,buy,2031-09-26,5.036,19.998,10075.59,40700.5,2.7,-9.32,,0,15:00:00,00,Y,N,0,0,Y,,2026-04-10 开始转股,计算使用5.1年期 评级为AA 债参考YTM：1.8640,N,20.0,全价：187.997 最后更新：15:00:00,,,,0,{'M': ''},0,0,N,,,buy,buy
2026-09-14 14:19:48,127114,宜化转债,yhzz,136.032,0.39,000422,湖北宜化,hbyh,11.96,-1.81,1.68,14.08,84.94,112,60.14,196.17,220801,基础化工,szmb,C,2026-07-14,[],0,0,buy,AA+,,9.856,18.304,25.9,buy,2032-06-25,5.784,33.0,6815.31,26203.77,1.52,-3.09,,0,15:34:03,00,Y,Y,0,0,Y,,未到转股期；2027-01-04 开始转股,计算使用5.8年期 评级为AA+ 债参考YTM：1.8759,N,33.0,全价：136.032 最后更新：15:34:03,,,,0,{'M': ''},0,0,N,,,buy,buy
2026-09-14 14:19:48,111018,华康转债,hkzz,125.817,1.16,605077,华康股份,hkgf,12.48,1.88,1.19,15.97,78.15,0,61.0,186.82,220315,基础化工,shmb,C,2024-01-15,[],0,0,buy,AA-,,11.179,20.761,34.8,buy,2029-12-25,3.282,13.022,7690.4,33101.96,4.7,-1.64,,0,14:59:47,00,Y,N,0,0,Y,,2024-07-01 开始转股,计算使用3.3年期 评级为AA- 债参考YTM：2.2124,N,13.03,全价：125.817 最后更新：14:59:47,,,,0,[],0,0,N,,,buy,buy
2026-09-14 14:19:48,123279,天脉转债,tmzz,174.3,0.74,301626,苏州天脉,sztm,289.14,-0.73,20.8,267.33,108.16,147,61.15,235.45,270504,电子,szcy,C,2026-08-18,[],0,0,buy,AA,,187.131,347.529,5.2,buy,2032-08-02,5.888,7.86,15339.02,39758.85,11.22,-7.09,,0,15:34:27,00,Y,N,0,0,Y,,未到转股期；2027-02-08 开始转股,计算使用5.9年期 评级为AA 债参考YTM：2.0131,N,7.86,全价：174.300 最后更新：15:34:27,,,,0,{'M': ''},0,0,N,,,buy,buy
2026-09-14 14:19:48,123271,通合转债,thzz,165.8,3.95,300491,通合科技,thkj,34.1,6.1,5.01,33.18,102.77,85,61.33,227.13,630306,电力设备,szcy,C,2026-06-17,[],0,0,buy,AA,,23.226,43.134,9.7,buy,2032-06-01,5.718,5.219,18915.5,30264.72,21.97,-5.74,,0,15:34:24,00,Y,N,0,0,Y,,未到转股期；2026-12-08 开始转股,计算使用5.8年期 评级为AA 债参考YTM：1.9928,N,5.22,全价：165.800 最后更新：15:34:24,,,,0,[],0,0,N,,,buy,buy
2026-09-14 14:19:48,123278,合金转债,hjzz,169.8,-0.81,300697,电工合金,dghj,14.67,0.89,4.88,13.98,104.94,144,61.81,231.61,240302,有色金属,szcy,C,2026-08-18,[],0,0,buy,AA-,,9.786,18.174,11.2,buy,2032-07-29,5.877,5.45,22160.69,19366.91,24.03,-6.67,,0,15:34:33,00,Y,N,0,0,Y,,未到转股期；2027-02-05 开始转股,计算使用5.9年期 评级为AA- 债参考YTM：2.8586,N,5.45,全价：169.800 最后更新：15:34:33,,,,0,[],0,0,N,,,buy,buy
2026-09-14 14:19:48,110100,龙建转债,ljzz,118.026,1.4,600853,龙建股份,ljgf,3.34,0.3,0.8,4.59,72.77,0,62.2,180.23,620306,建筑装饰,shmb,C,2026-02-12,[],0,0,buy,AA,,3.213,5.967,29.5,buy,2032-01-22,5.359,10.0,5030.5,2623.57,4.27,-0.74,,0,14:59:39,00,Y,N,0,0,Y,,2026-07-28 开始转股,计算使用5.4年期 评级为AA 债参考YTM：1.9092,N,10.0,全价：118.026 最后更新：14:59:39,,,,0,[],0,0,N,,,buy,buy
2026-09-14 14:19:48,111004,明新转债,mxzz,130.73,0.71,605068,明新旭腾,mxxt,19.58,-0.96,1.92,24.37,80.35,0,62.71,193.44,280202,汽车,shmb,C,2022-04-25,[],0,0,buy,AA-,,17.059,31.681,21.1,buy,2028-03-30,1.543,6.715,3181.12,4907.43,3.64,-6.78,,0,14:59:49,00,Y,N,1,0,Y,转股价下修1次，成功下修0次,2022-10-10 开始转股,计算使用1.6年期 评级为AA- 债参考YTM：1.8829,N,6.73,全价：130.730 最后更新：14:59:49,,,,1,[],0,0,N,,,buy,buy
2026-09-14 14:19:48,123281,中仑转债,zlzz,150.199,1.08,301565,中仑新材,zlxc,18.71,2.24,3.04,20.28,92.26,151,62.8,213.0,220505,基础化工,szcy,C,2026-08-24,[],0,0,buy,AA-,,14.196,26.364,44.6,buy,2032-08-05,5.896,10.68,10388.88,6146.63,6.49,-4.66,,0,15:34:33,00,Y,N,0,0,Y,,未到转股期；2027-02-12 开始转股,计算使用5.9年期 评级为AA- 债参考YTM：2.8586,N,10.68,全价：150.199 最后更新：15:34:33,,,,0,{'M': ''},0,0,N,,,buy,buy
2026-09-14 14:19:48,110102,江农转债,jnzz,150.531,1.16,600389,江山股份,jsgf,19.07,1.76,1.91,20.64,92.39,128,62.92,213.45,220803,基础化工,shmb,C,2026-08-05,[],0,0,buy,AA+,,14.448,26.832,14.4,buy,2032-07-13,5.833,11.85,11508.84,26270.04,6.45,-4.92,,0,14:59:59,00,Y,N,0,0,Y,,未到转股期；2027-01-20 开始转股,计算使用5.9年期 评级为AA+ 债参考YTM：1.8893,N,11.85,全价：150.531 最后更新：14:59:59,,,,0,{'M': ''},0,0,N,,,buy,buy
2026-09-14 14:19:48,127104,姚记转债,yjzz,138.611,0.48,002605,姚记科技,yjkj,16.47,-0.18,1.8,19.38,84.99,0,63.1,201.71,720401,传媒,szmb,C,2024-02-26,[],0,0,buy,A+,,13.566,25.194,10.4,buy,2030-01-24,3.364,5.822,2481.99,4419.68,3.08,-4.24,,0,15:34:45,00,Y,N,0,0,Y,,2024-07-31 开始转股,计算使用3.4年期 评级为A+ 债参考YTM：4.5764,N,5.831,全价：138.611 最后更新：15:34:45,,,,0,[],0,0,N,,,buy,buy
2026-09-14 14:19:48,123272,中汽转债,zqzz,144.48,0.61,301215,中汽股份,zqgf,5.3,0.95,2.33,5.99,88.48,94,63.29,207.77,280303,汽车,szcy,C,2026-06-30,[],0,0,buy,AA+,,4.193,7.787,14.8,buy,2032-06-10,5.743,10.39,4101.43,3731.01,2.74,-4.32,,0,15:34:33,00,Y,N,0,0,Y,,未到转股期；2026-12-17 开始转股,计算使用5.8年期 评级为AA+ 债参考YTM：1.8759,N,10.39,全价：144.480 最后更新：15:34:33,,,,0,{'M': ''},0,0,N,,,buy,buy
2026-09-14 14:19:48,113696,伯25转债,b25zz,133.148,0.5,603596,伯特利,btl,28.54,1.06,3.04,35.16,81.17,0,64.03,197.18,280203,汽车,shmb,C,2025-07-28,[],0,0,buy,AA,,24.612,45.708,10.9,buy,2031-07-01,4.797,28.017,8317.79,45851.76,2.23,-3.33,,0,14:59:47,00,Y,N,0,0,Y,,2026-01-07 开始转股,计算使用4.8年期 评级为AA 债参考YTM：1.8458,N,28.02,全价：133.148 最后更新：14:59:47,,,,0,{'M': ''},0,0,N,,,buy,buy
2026-09-14 14:19:48,111025,圣泉转债,sqzz,152.194,1.43,605589,圣泉集团,sqjt,39.04,2.57,3.06,42.38,92.12,109,65.21,217.4,220504,基础化工,shmb,C,2026-07-21,[],0,0,buy,AA+,,29.666,55.094,7.6,buy,2032-06-24,5.781,25.0,16207.03,100345.11,4.29,-5.29,,0,14:59:57,00,Y,N,1,1,Y,转股价下修1次，成功下修1次,未到转股期；2027-01-01 开始转股,计算使用5.8年期 评级为AA+ 债参考YTM：1.8759,N,25.0,全价：152.194 最后更新：14:59:57,,,,0,{'M': ''},0,0,N,,,buy,buy
2026-09-14 14:19:48,113652,伟22转债,w22zz,122.336,1.38,603568,伟明环保,wmhb,13.98,1.6,1.95,19.02,73.5,0,66.44,188.78,760103,环保,shmb,C,2022-08-12,[],0,0,buy,AA,,13.314,24.726,5.2,buy,2028-07-22,1.855,14.766,7824.69,7194.39,4.34,-4.79,,0,14:59:30,00,Y,N,2,2,Y,转股价下修2次，成功下修2次,2023-01-30 开始转股,计算使用1.9年期 评级为AA 债参考YTM：1.6356,N,14.77,全价：122.336 最后更新：14:59:30,,,,1,{'M': ''},0,0,N,,,buy,buy
2026-09-14 14:19:48,118061,茂莱转债,mlzz,181.024,-0.48,688502,茂莱光学,mlgx,395.78,0.11,16.72,364.15,108.69,0,66.56,247.58,270303,电子,shkc,C,2025-12-10,[],0,0,buy,A+,,254.905,473.395,2.7,buy,2031-11-21,5.189,5.622,22700.09,38542.79,22.42,-8.05,,0,14:59:55,00,Y,N,0,0,Y,,2026-05-27 开始转股,计算使用5.2年期 评级为A+ 债参考YTM：4.7701,N,5.625,全价：181.024 最后更新：14:59:55,,,,0,"{'G': '本次（2026年5月28日至2026年7月3日）不提前赎回，以2026年10月4日首个交易日重新计算', 'M': ''}",0,0,N,,,buy,buy
2026-09-14 14:19:48,127102,浙建转债,zjzz,119.7,0.45,002761,浙江建投,zjjt,7.29,0.14,0.92,10.17,71.68,0,66.99,186.69,620101,建筑装饰,szmb,C,2024-01-16,[],0,0,buy,AA+,,7.119,13.221,12.6,buy,2029-12-25,3.282,9.951,4957.72,4915.57,4.17,-2.07,,0,15:34:45,00,Y,N,0,0,Y,,2024-07-01 开始转股,计算使用3.3年期 评级为AA+ 债参考YTM：1.6927,N,10.0,全价：119.700 最后更新：15:34:45,,,,0,{'M': ''},0,0,N,,,buy,buy
2026-09-14 14:19:48,127115,炬申转债,jszz,172.226,0.66,001202,炬申股份,jsgf,13.98,-0.29,2.65,13.56,103.1,140,67.05,239.28,420802,交通运输,szmb,C,2026-08-13,[],0,0,buy,AA-,,9.492,17.628,23.3,buy,2032-07-23,5.86,3.8,6843.15,1954.37,10.43,-6.91,,0,15:34:09,00,Y,N,0,0,Y,,未到转股期；2027-02-01 开始转股,计算使用5.9年期 评级为AA- 债参考YTM：2.8586,N,3.8,全价：172.226 最后更新：15:34:09,,,,0,[],0,0,N,,,buy,buy
2026-09-14 14:19:48,113674,华设转债,hszz,127.628,0.76,603018,华设集团,hsjt,5.3,-0.38,0.8,6.95,76.26,0,67.36,194.99,620601,建筑装饰,shmb,C,2023-08-15,[],0,0,buy,AA,,4.865,9.035,9.2,buy,2029-07-21,2.852,3.999,1818.57,2683.54,3.57,-3.55,,0,14:58:42,00,Y,N,0,0,N,2026-09-14 起暂停转股：权益分派,2024-01-29 开始转股;2026-09-14 起暂停转股：权益分派,计算使用2.9年期 评级为AA 债参考YTM：1.7047,N,4.0,全价：127.628 最后更新：14:58:42,,,,0,{'M': ''},0,0,N,,,buy,buy
2026-09-14 14:19:48,111020,合顺转债,hszz,132.426,0.79,605166,聚合顺,jhs,8.33,-0.12,1.3,10.53,79.11,0,67.4,199.83,220406,基础化工,shmb,C,2024-08-15,[],0,0,buy,AA-,,7.371,13.689,12.9,buy,2030-07-22,3.855,3.38,2236.61,2853.32,5.0,-2.71,,0,14:59:31,00,Y,N,0,0,Y,,2025-01-27 开始转股,计算使用3.9年期 评级为AA- 债参考YTM：2.2689,N,3.38,全价：132.426 最后更新：14:59:31,,,,0,[],0,0,N,,,buy,buy
2026-09-14 14:19:48,113706,金帝转债,jdzz,179.931,2.55,603270,金帝股份,jdgf,32.9,6.58,3.04,30.62,107.45,99,67.46,247.39,640108,机械设备,shmb,C,2026-07-10,[],0,0,buy,AA,,21.434,39.806,41.7,buy,2032-06-14,5.753,9.7,136353.2,42926.16,77.54,-7.05,,0,15:00:00,00,Y,N,0,0,Y,,未到转股期；2026-12-22 开始转股,计算使用5.8年期 评级为AA 债参考YTM：1.9928,N,9.7,全价：179.931 最后更新：15:00:00,,,,0,{'M': ''},0,0,N,,,buy,buy
2026-09-14 14:19:48,111026,派克转债,pkzz,162.709,0.24,605123,派克新材,pkxc,79.47,-1.23,2.03,81.8,97.15,151,67.48,230.19,650201,国防军工,shmb,C,2026-08-25,[],0,0,buy,AA,,57.26,106.34,16.4,buy,2032-08-05,5.896,15.8,8017.65,10484.54,3.12,-5.98,,0,14:59:56,00,Y,N,0,0,Y,,未到转股期；2027-02-12 开始转股,计算使用5.9年期 评级为AA 债参考YTM：2.0131,N,15.8,全价：162.709 最后更新：14:59:56,,,,0,{'M': ''},0,0,N,,,buy,buy
2026-09-14 14:19:48,123214,东宝转债,dbzz,127.131,0.9,300239,东宝生物,dbsw,4.99,1.22,1.69,6.62,75.38,0,68.66,195.79,370304,医药生物,szcy,C,2023-08-18,[],0,0,buy,A+,,4.634,8.606,15.5,buy,2029-07-31,2.88,4.549,1326.63,2473.87,2.3,-3.03,,0,15:34:15,00,Y,N,0,0,Y,,2024-02-05 开始转股,计算使用2.9年期 评级为A+ 债参考YTM：4.4892,N,4.55,全价：127.131 最后更新：15:34:15,,,,0,[],0,0,N,,,buy,buy
2026-09-14 14:19:48,123122,富瀚转债,fhzz,123.318,0.76,300613,富瀚微,fhw,66.85,-0.21,4.77,91.5,73.06,0,68.79,192.11,270104,电子,szcy,C,2021-08-24,[],0,0,buy,A+,,64.05,118.95,3.9,buy,2027-08-06,0.893,5.801,2706.75,50514.05,3.8,-7.58,,0,15:33:54,00,Y,N,0,0,Y,,2022-02-14 开始转股,计算使用0.9年期 评级为A+ 债参考YTM：4.1215,N,5.812,全价：123.318 最后更新：15:33:54,,,,1,{'M': ''},0,0,N,,,buy,buy
2026-09-14 14:19:48,110095,双良转债,slzz,115.571,0.62,600481,双良节能,sljn,4.23,0.24,2.14,6.18,68.45,0,68.85,184.42,630501,电力设备,shmb,C,2023-09-08,[],0,0,buy,AA-,,4.326,8.034,16.0,buy,2029-08-08,2.901,14.006,3285.64,9235.74,2.03,-0.69,,0,14:59:56,00,Y,N,2,2,Y,转股价下修2次，成功下修2次,2024-02-19 开始转股,计算使用3.0年期 评级为AA- 债参考YTM：2.1619,N,26.0,全价：115.571 最后更新：14:59:56,,,,0,{'M': ''},0,0,N,,,buy,buy
2026-09-14 14:19:48,110090,爱迪转债,adzz,126.468,0.56,600933,爱柯迪,akd,12.8,0.23,1.36,17.15,74.64,0,69.45,195.92,280203,汽车,shmb,C,2022-10-28,[],0,0,buy,AA,,12.005,22.295,12.5,buy,2028-09-23,2.027,15.695,5249.33,6719.98,2.65,-5.59,,0,14:59:11,00,Y,N,0,0,Y,,2023-03-29 开始转股,计算使用2.1年期 评级为AA 债参考YTM：1.6471,N,15.7,全价：126.468 最后更新：14:59:11,,,,0,{'M': ''},0,0,N,,,buy,buy
2026-09-14 14:19:48,123282,震裕转02,zyz02,143.998,1.41,300953,震裕科技,zykj,88.72,3.19,4.41,104.85,84.62,161,70.18,214.18,630701,电力设备,szcy,C,2026-09-02,[],0,0,buy,AA-,,73.395,136.305,12.1,buy,2032-08-16,5.926,18.8,18987.03,37806.06,7.02,-3.95,,0,15:34:30,00,Y,N,0,0,Y,,未到转股期；2027-02-22 开始转股,计算使用6.0年期 评级为AA- 债参考YTM：2.9016,N,18.8,全价：143.998 最后更新：15:34:30,,,,0,{'M': ''},0,0,N,,,buy,buy
2026-09-14 14:19:48,123253,永贵转债,ygzz,130.751,0.16,300351,永贵电器,ygdq,13.95,-0.99,2.19,18.19,76.69,0,70.49,201.24,640501,机械设备,szcy,C,2025-03-28,[],0,0,buy,AA-,,12.733,23.647,26.7,buy,2031-03-13,4.496,9.797,2359.58,6596.08,1.84,-2.37,,0,15:34:27,00,Y,N,0,0,Y,,2025-09-19 开始转股,计算使用4.5年期 评级为AA- 债参考YTM：2.3269,N,9.8,全价：130.751 最后更新：15:34:27,,,,0,{'M': ''},0,0,N,,,buy,buy
2026-09-14 14:19:48,113698,凯众转债,kzzz,134.634,0.74,603037,凯众股份,kzgf,9.91,1.23,2.65,12.55,78.96,0,70.5,205.13,280203,汽车,shmb,C,2025-09-10,[],0,0,buy,AA-,,8.785,16.315,11.7,buy,2031-08-15,4.921,3.079,2383.53,3562.45,5.75,-3.45,,0,14:59:23,00,Y,N,0,0,Y,,2026-02-24 开始转股,计算使用5.0年期 评级为AA- 债参考YTM：2.3661,N,3.08,全价：134.634 最后更新：14:59:23,,,,0,[],0,0,N,,,buy,buy
2026-09-14 14:19:48,111021,奥锐转债,arzz,132.881,0.77,605116,奥锐特,art,19.12,1.16,2.9,24.6,77.72,0,70.97,203.85,370101,医药生物,shmb,C,2024-08-15,[],0,0,buy,AA-,,17.22,31.98,10.5,buy,2030-07-26,3.866,8.121,1886.93,2397.73,1.76,-2.8,,0,14:59:01,00,Y,N,0,0,Y,,2025-02-05 开始转股,计算使用3.9年期 评级为AA- 债参考YTM：2.2689,N,8.121,全价：132.881 最后更新：14:59:01,,,,0,[],0,0,N,,,buy,buy
2026-09-14 14:19:48,113705,豪26转债,h26zz,135.285,0.8,603809,豪能股份,hngf,8.49,0.0,2.0,10.74,79.05,99,71.14,206.43,280203,汽车,shmb,C,2026-07-10,[],0,0,buy,AA-,,6.444,13.962,23.0,buy,2032-06-14,5.753,18.0,2983.77,4244.64,1.23,-3.01,,0,14:59:52,00,Y,N,0,0,Y,,未到转股期；2026-12-22 开始转股,计算使用5.8年期 评级为AA- 债参考YTM：2.8031,N,18.0,全价：135.285 最后更新：14:59:52,,,,0,{'M': ''},0,0,N,,,buy,buy
2026-09-14 14:19:48,110101,宝钛转债,btzz,143.001,0.45,600456,宝钛股份,btgf,25.86,-1.34,1.71,30.98,83.47,107,71.31,214.31,240504,有色金属,shmb,C,2026-07-16,[],0,0,buy,AAA,,21.686,40.274,28.3,buy,2032-06-23,5.778,35.0,5220.72,9806.67,1.04,-4.56,,0,15:00:00,00,Y,N,0,0,Y,,未到转股期；2026-12-30 开始转股,计算使用5.8年期 评级为AAA 债参考YTM：1.7699,N,35.0,全价：143.001 最后更新：15:00:00,,,,0,{'M': ''},0,0,N,,,buy,buy
2026-09-14 14:19:48,110086,精工转债,jgzz,121.257,0.99,600496,精工钢构,jggg,3.22,-0.31,0.69,4.57,70.46,0,72.09,193.35,620401,建筑装饰,shmb,C,2022-05-23,[],0,0,buy,AA,,3.199,5.941,31.2,buy,2028-04-22,1.606,19.999,3312.7,6346.57,1.37,-3.92,,0,14:59:59,00,Y,N,0,0,Y,,2022-10-28 开始转股,计算使用1.7年期 评级为AA 债参考YTM：1.6274,N,20.0,全价：121.257 最后更新：14:59:59,,,,1,{'M': ''},0,0,N,,,buy,buy
2026-09-14 14:19:48,127112,尚太转债,stzz,151.75,2.58,001301,尚太科技,stkj,52.9,4.57,2.68,60.02,88.14,0,72.17,223.92,630702,电力设备,szmb,C,2026-02-05,[],0,0,buy,AA+,,42.014,78.026,12.6,buy,2032-01-16,5.343,17.339,24189.39,33686.85,9.09,-5.69,,0,15:33:57,00,Y,N,0,0,Y,,2026-07-22 开始转股,计算使用5.4年期 评级为AA+ 债参考YTM：1.8209,N,17.34,全价：151.750 最后更新：15:33:57,,,,0,{'M': ''},0,0,N,,,buy,buy
2026-09-14 14:19:48,113682,益丰转债,yfzz,125.005,0.41,603939,益丰药房,yfyf,22.66,0.8,2.27,31.44,72.07,0,73.44,198.45,370403,医药生物,shmb,C,2024-03-27,[],0,0,buy,AA,,22.008,40.872,6.5,buy,2030-03-04,3.471,17.968,6102.92,11881.36,2.73,-2.6,,0,14:59:53,00,Y,N,0,0,Y,,2024-09-09 开始转股,计算使用3.5年期 评级为AA 债参考YTM：1.7537,N,17.97,全价：125.005 最后更新：14:59:53,,,,0,{'M': ''},0,0,N,,,buy,buy
2026-09-14 14:19:48,127072,博实转债,bszz,133.01,0.61,002698,博实股份,bsgf,11.35,1.16,2.79,14.81,76.64,0,73.56,206.57,640701,机械设备,szmb,C,2022-11-03,[],0,0,buy,AA,,10.367,19.253,4.7,buy,2028-09-22,2.025,4.498,2764.93,7425.72,4.62,-6.95,,0,15:34:36,00,Y,N,0,0,Y,,2023-03-28 开始转股,计算使用2.1年期 评级为AA 债参考YTM：1.6471,N,4.5,全价：133.010 最后更新：15:34:36,,,,0,{'M': ''},0,0,N,,,buy,buy
2026-09-14 14:19:48,127069,小熊转债,xxzz,125.597,0.64,002959,小熊电器,xxdq,31.62,0.32,1.66,43.71,72.34,0,73.62,199.22,330301,家用电器,szmb,C,2022-09-07,[],0,0,buy,AA-,,30.597,56.823,11.4,buy,2028-08-12,1.912,5.041,1211.97,1058.16,1.92,-3.47,,0,15:33:54,00,Y,N,1,1,Y,转股价下修1次，成功下修1次,2023-02-20 开始转股,计算使用2.0年期 评级为AA- 债参考YTM：1.9409,N,5.36,全价：125.597 最后更新：15:33:54,,,,1,{'M': ''},0,0,N,,,buy,buy
2026-09-14 14:19:48,123252,银邦转债,ybzz,131.176,0.88,300337,银邦股份,ybgf,9.4,0.21,4.23,12.5,75.2,0,74.44,205.62,240301,有色金属,szcy,C,2025-01-24,[],0,0,buy,AA-,,8.75,16.25,11.7,buy,2031-01-06,4.315,7.846,2240.61,9400.21,2.18,-2.54,,0,15:34:24,00,Y,N,0,0,Y,,2025-07-14 开始转股,计算使用4.4年期 评级为AA- 债参考YTM：2.3188,N,7.85,全价：131.176 最后更新：15:34:24,,,,0,{'M': ''},0,0,N,,,buy,buy
2026-09-14 14:19:48,123216,科顺转债,kszz,121.567,1.05,300737,科顺股份,ksgf,4.6,-0.22,1.29,6.61,69.59,0,74.69,196.26,610304,建筑材料,szcy,C,2023-08-23,[],0,0,buy,AA-,,4.627,8.593,53.8,buy,2029-08-04,2.89,21.959,5407.21,6672.4,2.03,-0.95,,0,15:34:12,00,Y,N,2,1,Y,转股价下修2次，成功下修1次,2024-02-19 开始转股,计算使用2.9年期 评级为AA- 债参考YTM：2.1391,N,21.98,全价：121.567 最后更新：15:34:12,,,,0,{'M': ''},0,0,N,,,buy,buy
2026-09-14 14:19:48,113692,保隆转债,blzz,128.481,1.24,603197,保隆科技,blkj,28.8,1.23,1.83,39.16,73.54,0,74.7,203.18,280205,汽车,shmb,C,2024-11-27,[],0,0,buy,AA,,27.412,50.908,22.9,buy,2030-10-31,4.132,13.897,3261.2,7461.09,1.83,-3.02,,0,14:59:52,00,Y,N,0,0,Y,,2025-05-06 开始转股,计算使用4.2年期 评级为AA 债参考YTM：1.8151,N,13.9,全价：128.481 最后更新：14:59:52,,,,0,{'M': ''},0,0,N,,,buy,buy
2026-09-14 14:19:48,123276,久吾转02,jwz02,158.201,1.09,300631,久吾高科,jwgk,21.4,1.37,1.96,23.78,89.99,133,75.8,234.0,760201,环保,szcy,C,2026-08-04,[],0,0,buy,A+,,16.646,30.914,11.5,buy,2032-07-19,5.849,3.0,6823.44,2583.28,14.43,-4.83,,0,15:34:27,00,Y,N,0,0,Y,,未到转股期；2027-01-25 开始转股,计算使用5.9年期 评级为A+ 债参考YTM：5.2085,N,3.0,全价：158.201 最后更新：15:34:27,,,,0,[],0,0,N,,,buy,buy
2026-09-14 14:19:48,118031,天23转债,t23zz,119.547,0.52,688599,天合光能,thgn,10.87,1.12,1.23,16.0,67.94,0,75.97,195.52,630502,电力设备,shkc,C,2023-03-15,[],0,0,buy,AA,,11.2,20.8,23.0,buy,2029-02-13,2.419,58.512,4647.68,27832.14,0.66,-0.44,,0,14:59:46,00,Y,N,2,2,Y,转股价下修2次，成功下修2次,2023-08-17 开始转股,计算使用2.5年期 评级为AA 债参考YTM：1.6749,N,88.648,全价：119.547 最后更新：14:59:46,,,,0,{'M': ''},0,0,N,,,buy,buy
2026-09-14 14:19:48,123262,神宇转债,syzz,131.42,1.09,300563,神宇股份,sygf,28.6,2.44,4.48,38.62,74.06,0,77.46,208.88,730205,通信,szcy,C,2025-12-30,[],0,0,buy,AA-,,27.034,50.206,13.4,buy,2031-12-11,5.244,4.999,39446.54,83712.94,60.48,-2.76,,0,15:34:36,00,Y,N,0,0,Y,,2026-06-17 开始转股,计算使用5.3年期 评级为AA- 债参考YTM：2.4720,N,5.0,全价：131.420 最后更新：15:34:36,,,,0,{'M': ''},0,0,N,,,buy,buy
2026-09-14 14:19:48,123283,丰茂转债,fmzz,161.018,-2.83,301459,丰茂股份,fmgf,32.29,0.91,2.63,35.59,90.73,163,77.47,238.49,220602,基础化工,szcy,C,2026-09-09,[],0,0,buy,AA-,,24.913,46.267,72.1,buy,2032-08-17,5.929,6.075,58717.95,2205.62,59.18,-5.76,,0,15:34:36,00,Y,N,0,0,Y,,未到转股期；2027-02-24 开始转股,计算使用6.0年期 评级为AA- 债参考YTM：2.9016,N,6.075,全价：161.018 最后更新：15:34:36,,,,0,{'M': ''},0,0,N,,,buy,buy
2026-09-14 14:19:48,113647,禾丰转债,hfzz,117.417,0.69,603609,禾丰股份,hfgf,6.66,-1.48,0.91,10.09,66.01,0,77.89,195.31,110402,农林牧渔,shmb,C,2022-05-18,[],0,0,buy,AA,,7.063,13.117,24.4,buy,2028-04-22,1.606,14.669,3921.66,3828.96,2.28,-1.95,,0,14:59:32,00,Y,N,0,0,Y,,2022-10-28 开始转股,计算使用1.7年期 评级为AA 债参考YTM：1.6274,N,15.0,全价：117.417 最后更新：14:59:32,,,,0,{'M': ''},0,0,N,,,buy,buy
2026-09-14 14:19:48,123220,易瑞转债,yrzz,128.287,0.71,300942,易瑞生物,yrsw,6.37,1.76,2.95,8.85,71.98,0,78.23,206.52,370504,医药生物,szcy,C,2023-09-06,[],0,0,buy,A+,,6.195,11.505,11.3,buy,2029-08-18,2.929,2.907,1165.03,2702.43,3.13,-2.77,,0,15:34:18,00,Y,N,1,1,Y,转股价下修1次，成功下修1次,2024-02-26 开始转股,计算使用3.0年期 评级为A+ 债参考YTM：4.5119,N,3.28,全价：128.287 最后更新：15:34:18,,,,0,{'M': ''},0,0,N,,,buy,buy
2026-09-14 14:19:48,113053,隆22转债,l22zz,115.73,0.84,601012,隆基绿能,ljln,11.33,0.09,1.77,17.5,64.74,0,78.75,194.48,630502,电力设备,shmb,C,2022-02-17,[],0,0,buy,AAA,,12.25,22.75,8.1,buy,2028-01-05,1.31,69.951,11403.44,49684.86,1.41,-4.8,,0,14:59:39,00,Y,N,1,1,Y,转股价下修1次，成功下修1次,2022-07-11 开始转股,计算使用1.4年期 评级为AAA 债参考YTM：1.5334,N,70.0,全价：115.730 最后更新：14:59:39,,,,1,{'M': ''},0,0,N,,,buy,buy
2026-09-14 14:19:48,127083,山路转债,slzz,117.6,0.53,000498,山东路桥,sdlq,4.88,-0.41,0.27,7.42,65.77,0,78.81,196.41,620306,建筑装饰,szmb,C,2023-04-26,[],0,0,buy,AAA,,5.194,9.646,68.4,buy,2029-03-24,2.526,48.359,2748.06,3134.88,0.48,-2.2,,0,15:34:42,00,Y,N,0,0,Y,,2023-10-09 开始转股,计算使用2.6年期 评级为AAA 债参考YTM：1.6060,N,48.36,全价：117.600 最后更新：15:34:42,,,,0,{'M': ''},0,0,N,,,buy,buy
2026-09-14 14:19:48,123223,九典转02,jdz02,132.48,1.52,300705,九典制药,jdzy,10.71,2.19,2.06,14.55,73.61,0,79.98,212.46,370102,医药生物,szcy,C,2023-10-13,[],0,0,buy,A+,,10.185,18.915,5.2,buy,2029-09-15,3.006,2.052,1526.22,4014.82,5.64,-3.87,,0,15:34:21,00,Y,N,0,0,Y,,2024-03-21 开始转股,计算使用3.1年期 评级为A+ 债参考YTM：4.5322,N,3.6,全价：132.480 最后更新：15:34:21,,,,0,[],0,0,N,,,buy,buy
2026-09-14 14:19:48,123263,鼎捷转债,djzz,148.425,1.31,300378,鼎捷数智,djsz,35.79,-0.03,3.88,43.42,82.43,0,80.07,228.5,710402,计算机,szcy,C,2025-12-31,[],0,0,buy,AA,,30.394,56.446,8.6,buy,2031-12-15,5.255,8.275,11055.8,52490.05,9.01,-5.03,,0,15:34:39,00,Y,N,0,0,Y,,2026-06-22 开始转股,计算使用5.3年期 评级为AA 债参考YTM：1.8913,N,8.28,全价：148.425 最后更新：15:34:39,,,,0,{'M': ''},0,0,N,,,buy,buy
2026-09-14 14:19:48,118072,鼎通转债,dtzz,180.776,-0.63,688668,鼎通科技,dtkj,246.8,-0.21,15.21,246.0,100.33,107,80.19,260.97,730204,通信,shkc,C,2026-07-17,[],0,0,buy,A+,,172.2,319.8,2.7,buy,2032-06-23,5.778,9.3,23269.74,93021.47,13.89,-7.22,,0,14:59:57,00,Y,N,1,1,Y,转股价下修1次，成功下修1次,未到转股期；2026-12-30 开始转股,计算使用5.8年期 评级为A+ 债参考YTM：5.1528,N,9.3,全价：180.776 最后更新：14:59:57,,,,0,{'M': ''},0,0,N,,,buy,buy
2026-09-14 14:19:48,118074,特宝转债,tbzz,158.096,0.9,688278,特宝生物,tbsw,51.3,-1.44,6.75,58.56,87.6,142,80.47,238.57,370304,医药生物,shkc,C,2026-08-13,[],0,0,buy,AA+,,40.992,76.128,7.3,buy,2032-07-27,5.871,15.33,6661.15,16113.73,2.76,-5.83,,0,14:59:53,00,Y,N,0,0,Y,,未到转股期；2027-02-03 开始转股,计算使用5.9年期 评级为AA+ 债参考YTM：1.8893,N,15.33,全价：158.096 最后更新：14:59:53,,,,0,{'M': ''},0,0,N,,,buy,buy
2026-09-14 14:19:48,118052,浩瀚转债,hhzz,134.163,0.13,688292,浩瀚深度,hhsd,17.88,-1.38,2.87,24.2,73.88,0,81.59,215.75,710103,计算机,shkc,C,2025-04-07,[],0,0,buy,A+,,16.94,31.46,12.5,buy,2031-03-13,4.496,3.539,5211.24,10136.79,10.93,-2.55,,0,14:59:47,00,Y,N,0,0,Y,,2025-09-19 开始转股,计算使用4.5年期 评级为A+ 债参考YTM：4.6844,N,3.54,全价：134.163 最后更新：14:59:47,,,,0,{'M': ''},0,0,N,,,buy,buy
2026-09-14 14:19:48,123109,昌红转债,chzz,127.2,-0.39,300151,昌红科技,chkj,18.66,15.33,6.18,26.64,70.05,0,81.6,208.8,640209,机械设备,szcy,C,2021-04-19,[],0,0,buy,AA-,,18.648,34.632,6.7,buy,2027-04-01,0.545,4.595,18103.85,70863.02,30.76,-17.68,,0,15:34:51,00,Y,N,1,0,N,"转股价下修1次，成功下修0次
2026-09-11 至 2026-09-17 期间暂停转股：回售
转股价26.640生效日期2026-05-15",2021-10-08 开始转股;2026-09-11 至 2026-09-17 期间暂停转股：回售,计算使用0.6年期 评级为AA- 债参考YTM：1.7300,Y,4.6,全价：127.200 最后更新：15:34:51,,,"按下调到底估算
股东大会：2026-09-28
预估转股价：17.48
预估转股价值：106.75
期权价值：22.43
理论价值：136.36
理论偏离度：-7.20%",0,{'M': ''},0,0,Y,,,buy,buy
2026-09-14 14:19:48,123229,艾录转债,alzz,130.658,0.69,301062,上海艾录,shal,7.13,-1.11,2.28,9.95,71.66,0,82.33,212.99,360205,轻工制造,szcy,C,2023-11-20,[],0,0,buy,A,,6.965,12.935,9.1,buy,2029-10-23,3.11,1.779,716.66,3610.4,3.09,-2.69,,0,15:34:15,00,Y,N,0,0,Y,,2024-04-29 开始转股,计算使用3.2年期 评级为A 债参考YTM：6.8993,N,5.0,全价：130.658 最后更新：15:34:15,,,,0,{'M': ''},0,0,N,,,buy,buy
2026-09-14 14:19:48,118020,芳源转债,fyzz,119.156,0.02,688148,芳源股份,fygf,5.85,0.86,5.6,9.0,65.0,0,83.32,202.48,630702,电力设备,shkc,C,2022-11-07,[],0,0,buy,BBB,,6.3,11.7,21.5,buy,2028-09-23,2.027,6.417,1386.39,5612.12,1.81,2.9,,0,14:59:58,00,Y,N,3,2,Y,转股价下修3次，成功下修2次,2023-03-29 开始转股,计算使用2.1年期 评级为BBB 债参考YTM：15.2660,Y,6.42,全价：119.156 最后更新：14:59:58,,,"按下调到底估算
股东大会：2026-09-22
预估转股价：6.24
预估转股价值：93.75
期权价值：35.24
理论价值：130.77
理论偏离度：-9.75%",0,{'M': ''},0,0,N,,,buy,buy
2026-09-14 14:19:48,113703,翔26转债,x26zz,132.71,-0.39,603112,华翔股份,hxgf,15.85,-2.94,1.87,21.94,72.24,91,83.7,216.41,330601,家用电器,shmb,C,2026-07-07,[],0,0,buy,AA-,,15.358,28.522,15.4,buy,2032-06-07,5.734,13.01,3245.85,17793.19,1.88,-2.39,,0,14:59:57,00,Y,N,0,0,Y,,未到转股期；2026-12-14 开始转股,计算使用5.8年期 评级为AA- 债参考YTM：2.8031,N,13.01,全价：132.710 最后更新：14:59:57,,,,0,[],0,0,N,,,buy,buy
2026-09-14 14:19:48,123259,锦浪转02,jlz02,140.343,0.82,300763,锦浪科技,jlkj,55.08,0.51,2.32,72.41,76.07,0,84.5,224.84,630503,电力设备,szcy,C,2025-11-06,[],0,0,buy,AA,,50.687,94.133,9.5,buy,2031-10-17,5.093,16.763,8874.78,41197.79,3.76,-3.99,,0,15:34:21,00,Y,N,1,1,Y,转股价下修1次，成功下修1次,2026-04-23 开始转股,计算使用5.1年期 评级为AA 债参考YTM：1.8640,N,16.766,全价：140.343 最后更新：15:34:21,,,,0,"{'G': '本次（2026年4月23日至2026年5月20日）不提前赎回，以2027年5月21日为首个交易日重新计算', 'M': ''}",0,0,N,,,buy,buy
2026-09-14 14:19:48,123193,海能转债,hnzz,125.508,1.01,300787,海能实业,hnsy,9.85,2.5,2.0,14.5,67.93,0,84.76,210.27,270504,电子,szcy,C,2023-05-09,[],0,0,buy,AA-,,10.15,18.85,31.0,buy,2029-04-13,2.581,5.997,2785.22,5205.77,3.71,-2.24,,0,15:34:03,00,Y,N,0,0,Y,,2023-10-19 开始转股,计算使用2.6年期 评级为AA- 债参考YTM：2.0666,N,6.0,全价：125.508 最后更新：15:34:03,,,,0,[],0,0,N,,,buy,buy
2026-09-14 14:19:48,123168,惠云转债,hyzz,126.913,1.02,300891,惠云钛业,hyty,7.36,0.41,2.28,10.74,68.53,0,85.2,212.11,220206,基础化工,szcy,C,2022-12-14,[],0,0,buy,AA-,,7.518,13.962,20.0,buy,2028-11-23,2.195,4.899,1833.03,3154.53,2.95,-3.07,,0,15:34:12,00,Y,N,0,0,Y,,2023-05-29 开始转股,计算使用2.2年期 评级为AA- 债参考YTM：1.9760,N,4.9,全价：126.913 最后更新：15:34:12,,,,0,{'M': ''},0,0,N,,,buy,buy
2026-09-14 14:19:48,118071,华峰转债,hfzz,191.98,-0.68,688200,华峰测控,hfck,346.52,-0.74,9.51,335.33,103.34,106,85.78,277.76,270108,电子,shkc,C,2026-07-17,[],0,0,buy,AA,,234.731,435.929,1.1,buy,2032-06-22,5.775,7.49,23281.29,101500.37,16.24,-8.78,,0,14:59:59,00,Y,N,0,0,Y,,未到转股期；2026-12-29 开始转股,计算使用5.8年期 评级为AA 债参考YTM：1.9928,N,7.49,全价：191.980 最后更新：14:59:59,,,,0,{'M': ''},0,0,N,,,buy,buy
2026-09-14 14:19:48,113708,曙26转债,s26zz,140.181,0.97,603019,中科曙光,zksg,81.97,-0.34,5.2,108.89,75.28,129,86.22,226.4,710103,计算机,shmb,C,2026-08-06,[],0,0,buy,AAA,,76.223,141.557,6.7,buy,2032-07-14,5.836,80.0,28251.35,137724.25,2.52,-4.37,,0,14:59:59,00,Y,N,0,0,Y,,未到转股期；2027-01-21 开始转股,计算使用5.9年期 评级为AAA 债参考YTM：1.7759,N,80.0,全价：140.181 最后更新：14:59:59,,,,0,{'M': ''},0,0,N,,,buy,buy
2026-09-14 14:19:48,113709,振26转债,z26zz,165.196,0.48,603067,振华股份,zhgf,35.75,0.7,6.24,40.33,88.64,144,86.36,251.56,220203,基础化工,shmb,C,2026-08-17,[],0,0,buy,AA,,28.231,52.429,3.3,buy,2032-07-29,5.877,8.78,21138.69,98341.17,14.58,-6.25,,0,14:59:57,00,Y,N,0,0,Y,,未到转股期；2027-02-05 开始转股,计算使用5.9年期 评级为AA 债参考YTM：2.0131,N,8.78,全价：165.196 最后更新：14:59:57,,,,0,{'M': ''},0,0,N,,,buy,buy
2026-09-14 14:19:48,113679,芯能转债,xnzz,125.831,0.9,603105,芯能科技,xnkj,8.42,-2.21,1.91,12.55,67.09,0,87.55,213.38,410106,公用事业,shmb,C,2023-11-24,[],0,0,buy,AA-,,8.785,16.315,20.9,buy,2029-10-26,3.118,8.799,7205.22,38884.79,6.5,-1.68,,0,14:59:45,00,Y,N,0,0,Y,,2024-05-06 开始转股,计算使用3.2年期 评级为AA- 债参考YTM：2.1986,N,8.8,全价：125.831 最后更新：14:59:45,,,,0,{'M': ''},0,0,N,,,buy,buy
2026-09-14 14:19:48,118037,上声转债,sszz,126.179,0.83,688533,上声电子,ssdz,19.18,0.26,1.77,28.64,66.97,0,88.41,214.59,280206,汽车,shkc,C,2023-08-01,[],0,0,buy,A+,,20.048,37.232,14.8,buy,2029-07-06,2.811,4.679,713.28,1344.67,1.21,-3.42,,0,14:57:43,00,Y,N,2,1,Y,转股价下修2次，成功下修1次,2024-01-12 开始转股,计算使用2.9年期 评级为A+ 债参考YTM：4.4892,N,5.2,全价：126.179 最后更新：14:57:43,,,,0,{'M': ''},0,0,N,,,buy,buy
2026-09-14 14:19:48,113648,巨星转债,jxzz,116.827,0.84,603477,巨星农牧,jxnm,15.32,-1.86,2.95,24.84,61.68,0,89.42,206.25,110702,农林牧渔,shmb,C,2022-05-17,[],0,0,buy,AA-,,17.388,32.292,11.5,buy,2028-04-25,1.614,8.997,3121.62,13449.36,2.98,-2.48,,0,14:59:20,00,Y,N,0,0,Y,,2022-10-31 开始转股,计算使用1.7年期 评级为AA- 债参考YTM：1.8972,N,10.0,全价：116.827 最后更新：14:59:20,,,,0,{'M': ''},0,0,N,,,buy,buy
2026-09-14 14:19:48,113627,太平转债,tpzz,111.733,0.2,603877,太平鸟,tpn,12.14,0.41,1.28,20.61,58.9,0,89.69,201.42,350209,纺织服饰,shmb,C,2021-08-06,[],0,0,buy,AA,,14.427,26.793,14.0,buy,2027-07-15,0.833,7.996,2155.76,1610.97,2.41,-1.87,,0,14:59:39,00,Y,N,1,1,Y,转股价下修1次，成功下修1次,2022-01-21 开始转股,计算使用0.9年期 评级为AA 债参考YTM：1.5677,N,8.0,全价：111.733 最后更新：14:59:39,,,,0,{'M': ''},0,0,N,,,buy,buy
2026-09-14 14:19:48,113707,科博转债,kbzz,155.802,0.49,603786,科博达,kbd,37.11,-0.22,2.64,45.56,81.45,119,91.28,247.08,280206,汽车,shmb,C,2026-07-31,[],0,0,buy,AA+,,31.892,59.228,9.9,buy,2032-07-02,5.803,14.91,6231.84,6442.6,2.68,-5.67,,0,14:59:31,00,Y,N,0,0,Y,,未到转股期；2027-01-11 开始转股,计算使用5.9年期 评级为AA+ 债参考YTM：1.8893,N,14.91,全价：155.802 最后更新：14:59:31,,,,0,{'M': ''},0,0,N,,,buy,buy
2026-09-14 14:19:48,123154,火星转债,hxzz,122.134,0.85,300894,火星人,hxr,10.1,3.06,4.18,16.0,63.13,0,93.48,215.61,330401,家用电器,szcy,C,2022-08-23,[],0,0,buy,A+,,11.2,20.8,17.8,buy,2028-08-05,1.893,5.289,2557.79,7875.75,3.97,-2.27,,0,15:33:57,00,Y,N,1,1,Y,转股价下修1次，成功下修1次,2023-02-13 开始转股,计算使用1.9年期 评级为A+ 债参考YTM：4.2747,N,5.29,全价：122.134 最后更新：15:33:57,,,,1,{'M': ''},0,0,N,,,buy,buy
2026-09-14 14:19:48,127038,国微转债,gwzz,119.5,0.42,002049,紫光国微,zggw,59.36,0.46,3.49,97.01,61.19,0,95.29,214.79,270104,电子,szmb,C,2021-07-14,[],0,0,buy,AA+,,67.907,126.113,3.0,buy,2027-06-10,0.737,14.915,1925.91,40986.36,1.08,-10.83,,0,15:34:33,00,Y,N,0,0,Y,,2021-12-17 开始转股,计算使用0.8年期 评级为AA+ 债参考YTM：1.5439,N,15.0,全价：119.500 最后更新：15:34:33,,,,1,{'M': ''},0,0,N,,,buy,buy
2026-09-14 14:19:48,118073,赛斯转债,sszz,149.797,0.76,688480,赛恩斯,ses,67.5,2.12,5.34,88.16,76.57,133,95.65,245.45,760104,环保,shkc,C,2026-08-12,[],0,0,buy,AA,,61.712,114.608,8.4,buy,2032-07-16,5.841,5.519,5723.12,7272.67,6.91,-4.69,,0,14:59:53,00,Y,N,0,0,Y,,未到转股期；2027-01-25 开始转股,计算使用5.9年期 评级为AA 债参考YTM：2.0131,N,5.519,全价：149.797 最后更新：14:59:53,,,,0,{'M': ''},0,0,N,,,buy,buy
2026-09-14 14:19:48,113702,斯达转债,sdzz,154.436,-1.07,603290,斯达半导,sdbd,82.39,-0.31,2.86,104.79,78.62,38,96.42,250.86,270102,电子,shmb,C,2026-05-11,[],0,0,buy,AA+,,73.353,136.227,7.6,buy,2032-04-15,5.589,15.0,14647.47,19327.37,6.31,-5.72,,0,14:59:59,00,Y,N,0,0,Y,,未到转股期；2026-10-22 开始转股,计算使用5.6年期 评级为AA+ 债参考YTM：1.8478,N,15.0,全价：154.436 最后更新：14:59:59,,,,0,{'M': ''},1,0,N,,,buy,buy
2026-09-14 14:19:48,118076,先锋转债,xfzz,182.26,-1.71,688605,先锋精科,xfjk,80.17,1.31,9.65,86.4,92.79,151,96.42,278.68,270108,电子,shkc,C,2026-08-26,[],0,0,buy,AA,,60.48,112.32,8.6,buy,2032-08-05,5.896,7.5,39224.19,39432.57,28.44,-7.79,,0,14:59:59,00,Y,N,0,0,Y,,未到转股期；2027-02-12 开始转股,计算使用5.9年期 评级为AA 债参考YTM：2.0131,N,7.5,全价：182.260 最后更新：14:59:59,,,,0,{'M': ''},0,0,N,,,buy,buy
2026-09-14 14:19:48,113656,嘉诚转债,jczz,118.481,0.59,603535,嘉诚国际,jcgj,6.23,-0.32,1.23,10.33,60.31,0,96.45,214.93,420805,交通运输,shmb,C,2022-10-12,[],0,0,buy,A+,,7.231,13.429,25.1,buy,2028-09-01,1.967,7.998,1454.18,1696.86,1.54,-0.64,,0,14:59:38,00,Y,N,0,0,Y,,2023-03-07 开始转股,计算使用2.0年期 评级为A+ 债参考YTM：4.2909,N,8.0,全价：118.481 最后更新：14:59:38,,,,1,[],0,0,N,,,buy,buy
2026-09-14 14:19:48,123215,铭利转债,mlzz,121.251,0.15,301268,铭利达,mld,11.79,0.6,3.18,19.19,61.44,0,97.35,218.6,640108,机械设备,szcy,C,2023-08-23,[],0,0,buy,A+,,13.433,24.947,20.0,buy,2029-08-03,2.888,8.555,1754.63,3238.68,1.69,0.07,,0,15:34:09,00,Y,N,1,1,Y,转股价下修1次，成功下修1次,2024-02-19 开始转股,计算使用2.9年期 评级为A+ 债参考YTM：4.4892,N,10.0,全价：121.251 最后更新：15:34:09,,,,0,{'M': ''},0,0,N,,,buy,buy
2026-09-14 14:19:48,123275,肇民转债,zmzz,134.3,0.76,301000,肇民科技,zmkj,22.97,0.53,4.31,33.76,68.04,123,97.39,231.69,280205,汽车,szcy,C,2026-07-24,[],0,0,buy,AA-,,23.632,43.888,11.2,buy,2032-07-08,5.819,5.9,3213.17,4764.65,4.06,-2.85,,0,15:34:39,00,Y,N,0,0,Y,,未到转股期；2027-01-15 开始转股,计算使用5.9年期 评级为AA- 债参考YTM：2.8586,N,5.9,全价：134.300 最后更新：15:34:39,,,,0,{'M': ''},0,0,N,,,buy,buy
2026-09-14 14:19:48,127044,蒙娜转债,mnzz,117.0,1.75,002918,蒙娜丽莎,mnls,11.7,9.96,1.44,19.76,59.21,0,97.6,214.6,360306,轻工制造,szmb,C,2021-09-16,[],0,0,buy,AA-,,13.832,25.688,13.4,buy,2027-08-16,0.921,3.368,8899.66,36471.53,22.75,-4.64,,0,15:34:51,00,Y,N,1,1,Y,转股价下修1次，成功下修1次,2022-02-21 开始转股,计算使用1.0年期 评级为AA- 债参考YTM：1.7917,N,11.689,全价：117.000 最后更新：15:34:51,,,,1,[],0,0,N,,,buy,buy
2026-09-14 14:19:48,113701,祥和转债,xhzz,137.43,0.26,603500,祥和实业,xhsy,9.28,-0.43,2.9,13.37,69.41,0,98.0,235.43,640501,机械设备,shmb,C,2026-03-26,[],0,0,buy,A+,,9.359,17.381,13.0,buy,2032-03-03,5.471,4.0,1816.35,2867.32,3.3,-2.65,,0,14:59:59,00,Y,N,0,0,Y,,2026-09-09 开始转股,计算使用5.5年期 评级为A+ 债参考YTM：4.9489,N,4.0,全价：137.430 最后更新：14:59:59,,,,0,[],0,0,N,,,buy,buy
2026-09-14 14:19:48,118063,金05转债,j05zz,140.057,0.04,688676,金盘科技,jpkj,62.53,-1.15,5.43,88.6,70.58,0,98.45,238.51,630801,电力设备,shkc,C,2026-01-14,[],0,0,buy,AA+,,62.02,115.18,5.8,buy,2031-12-25,5.282,16.707,5618.65,42825.47,2.4,-4.27,,0,14:59:55,00,Y,N,0,0,Y,,2026-07-01 开始转股,计算使用5.3年期 评级为AA+ 债参考YTM：1.8091,N,16.71,全价：140.057 最后更新：14:59:55,,,,0,{'M': ''},0,0,N,,,buy,buy
2026-09-14 14:19:48,113671,武进转债,wjzz,125.976,1.22,603878,武进不锈,wjbx,4.99,0.4,1.1,7.88,63.33,0,98.94,224.92,230403,钢铁,shmb,C,2023-08-03,[],0,0,buy,AA,,5.516,10.244,11.0,buy,2029-07-10,2.822,3.093,3886.33,5642.8,9.97,-3.75,,0,14:59:38,00,Y,N,0,0,Y,,2024-01-15 开始转股,计算使用2.9年期 评级为AA 债参考YTM：1.7047,N,3.1,全价：125.976 最后更新：14:59:38,,,,0,[],0,0,N,,,buy,buy
2026-09-14 14:19:48,127068,顺博转债,sbzz,120.199,1.01,002996,顺博合金,sbhj,6.04,0.83,1.18,10.0,60.4,0,99.0,219.2,240301,有色金属,szmb,C,2022-09-07,[],0,0,buy,AA-,,7.0,13.0,30.0,buy,2028-08-12,1.912,8.3,1675.27,3259.42,1.68,-4.58,,0,15:33:57,00,Y,N,2,2,Y,转股价下修2次，成功下修2次,2023-02-20 开始转股,计算使用2.0年期 评级为AA- 债参考YTM：1.9409,N,8.3,全价：120.199 最后更新：15:33:57,,,,1,[],0,0,N,,,buy,buy
2026-09-14 14:19:48,118070,南芯转债,nxzz,146.158,1.45,688484,南芯科技,nxkj,31.9,0.0,3.41,43.71,72.98,102,100.27,246.43,270105,电子,shkc,C,2026-07-10,[],0,0,buy,AA+,,30.597,56.823,11.6,buy,2032-06-17,5.762,15.869,11781.42,19717.08,5.11,-4.5,,0,14:59:59,00,Y,N,0,0,Y,,未到转股期；2026-12-25 开始转股,计算使用5.8年期 评级为AA+ 债参考YTM：1.8759,N,15.869,全价：146.158 最后更新：14:59:59,,,,0,{'M': ''},0,0,N,,,buy,buy
2026-09-14 14:19:48,118065,艾为转债,awzz,132.804,0.04,688798,艾为电子,awdz,52.54,-2.81,2.88,79.4,66.17,0,100.7,233.5,270105,电子,shkc,C,2026-02-26,[],0,0,buy,AA+,,55.58,103.22,26.7,buy,2032-01-22,5.359,19.01,5413.55,20229.11,2.14,-3.1,,0,14:59:59,00,Y,N,0,0,Y,,2026-07-28 开始转股,计算使用5.4年期 评级为AA+ 债参考YTM：1.8209,N,19.01,全价：132.804 最后更新：14:59:59,,,,0,{'M': ''},0,0,N,,,buy,buy
2026-09-14 14:19:48,118024,冠宇转债,gyzz,122.915,0.75,688772,珠海冠宇,zhgy,13.76,-1.15,2.18,22.51,61.13,0,101.08,224.0,630701,电力设备,shkc,C,2022-11-17,[],0,0,buy,AA,,15.757,27.012,19.7,buy,2028-10-24,2.112,30.889,6858.08,23840.85,1.82,-3.04,,0,14:59:59,00,Y,N,0,0,Y,,2023-04-28 开始转股,计算使用2.2年期 评级为AA 债参考YTM：1.6536,N,30.89,全价：122.915 最后更新：14:59:59,,,,0,{'M': ''},0,0,N,120%,,buy,buy
2026-09-14 14:19:48,118069,爱科转债,akzz,153.699,1.08,688092,XD爱科科,akkj,21.74,1.87,2.7,28.49,76.31,94,101.42,255.12,640209,机械设备,shkc,C,2026-07-09,[],0,0,buy,AA-,,19.943,37.037,14.9,buy,2032-06-10,5.743,2.67,3813.94,1285.47,9.32,-4.63,,0,14:59:51,00,Y,N,0,0,Y,,未到转股期；2026-12-17 开始转股,计算使用5.8年期 评级为AA- 债参考YTM：2.8031,N,2.67,全价：153.699 最后更新：14:59:51,,,,0,{'M': ''},0,0,N,,,buy,buy
2026-09-14 14:19:48,113634,珀莱转债,plzz,121.53,-0.11,603605,珀莱雅,bly,56.87,-0.59,3.36,94.27,60.33,0,101.45,222.98,770202,美容护理,shmb,C,2022-01-04,[],0,0,buy,AA,,65.989,122.551,3.3,buy,2027-12-08,1.233,7.507,3046.72,19733.01,3.34,-3.22,,0,14:59:33,00,Y,N,0,0,N,2026-09-09 至 2026-09-15 期间暂停转股：回售,2022-06-14 开始转股;2026-09-09 至 2026-09-15 期间暂停转股：回售,计算使用1.3年期 评级为AA 债参考YTM：1.6093,N,7.517,全价：121.530 最后更新：14:59:33,,,,0,{'M': ''},0,0,Y,,,buy,buy
2026-09-14 14:19:48,123274,维科转债,wkzz,137.522,0.75,301499,维科精密,wkjm,24.16,1.21,2.56,35.62,67.83,112,102.75,240.27,280206,汽车,szcy,C,2026-07-10,[],0,0,buy,A+,,24.934,46.306,18.9,buy,2032-06-25,5.784,6.3,1889.62,2720.16,2.19,-2.66,,0,15:34:30,00,Y,N,0,0,Y,,未到转股期；2027-01-04 开始转股,计算使用5.8年期 评级为A+ 债参考YTM：5.1528,N,6.3,全价：137.522 最后更新：15:34:30,,,,0,{'M': ''},0,0,N,,,buy,buy
2026-09-14 14:19:48,123264,双乐转债,slzz,121.575,1.09,301036,双乐股份,slgf,21.79,2.01,1.3,36.4,59.86,0,103.09,224.67,220305,基础化工,szcy,C,2026-01-16,[],0,0,buy,AA-,,25.48,47.32,52.7,buy,2031-12-26,5.285,8.0,2625.98,1812.32,2.71,-1.28,,0,15:34:42,00,Y,N,0,0,Y,,2026-07-06 开始转股,计算使用5.3年期 评级为AA- 债参考YTM：2.4720,N,8.0,全价：121.575 最后更新：15:34:42,,,,0,{'M': ''},0,0,N,,,buy,buy
2026-09-14 14:19:48,127085,韵达转债,ydzz,119.563,1.08,002120,韵达股份,ydgf,6.75,-0.3,0.91,11.53,58.54,0,104.23,223.79,420804,交通运输,szmb,C,2023-05-23,[],0,0,buy,AA+,,8.071,14.989,12.9,buy,2029-04-11,2.575,24.499,3070.2,16217.75,1.05,-2.79,,0,15:34:03,00,Y,N,0,0,Y,,2023-10-17 开始转股,计算使用2.6年期 评级为AA+ 债参考YTM：1.6464,N,24.5,全价：119.563 最后更新：15:34:03,,,,0,{'M': ''},0,0,N,,,buy,buy
2026-09-14 14:19:48,123260,卓镁转债,zmzz,139.8,-1.16,301398,星源卓镁,xyzm,35.67,-1.14,3.82,52.15,68.4,0,104.39,244.19,280202,汽车,szcy,C,2025-11-24,[],0,0,buy,A+,,36.505,67.795,11.6,buy,2031-11-07,5.151,4.499,2127.69,3819.15,3.39,-3.15,,0,15:34:15,00,Y,N,0,0,Y,,2026-05-13 开始转股,计算使用5.2年期 评级为A+ 债参考YTM：4.7701,N,4.5,全价：139.800 最后更新：15:34:15,,,,0,{'M': ''},0,0,N,,,buy,buy
2026-09-14 14:19:48,113666,爱玛转债,amzz,121.316,1.62,603529,爱玛科技,amkj,21.89,2.82,1.87,37.06,59.07,0,105.39,226.71,280401,汽车,shmb,C,2023-03-20,[],0,0,buy,AA,,25.942,48.178,10.7,buy,2029-02-23,2.447,19.994,6874.5,9970.05,2.85,-2.81,,0,14:58:54,00,Y,N,0,0,Y,,2023-09-01 开始转股,计算使用2.5年期 评级为AA 债参考YTM：1.6749,N,20.0,全价：121.316 最后更新：14:58:54,,,,0,{'M': ''},0,0,N,,,buy,buy
2026-09-14 14:19:48,123113,仙乐转债,xlzz,114.569,0.32,300791,仙乐健康,xljk,17.6,1.27,1.78,31.69,55.54,0,106.29,220.86,340407,食品饮料,szcy,C,2021-05-14,[],0,0,buy,AA-,,22.183,41.197,22.6,buy,2027-04-19,0.595,10.248,3230.97,1568.77,2.75,-2.3,,0,15:33:54,00,Y,N,0,0,Y,,2021-10-25 开始转股,计算使用0.6年期 评级为AA- 债参考YTM：1.7300,N,10.249,全价：114.569 最后更新：15:33:54,,,,0,[],0,0,N,,,buy,buy
2026-09-14 14:19:48,113655,欧22转债,o22zz,118.92,0.87,603833,欧派家居,opjj,29.54,0.0,0.97,51.29,57.59,0,106.48,225.4,360308,轻工制造,shmb,C,2022-09-01,[],0,0,buy,AA,,35.903,66.677,11.2,buy,2028-08-05,1.893,19.999,5064.12,6526.74,2.14,-2.32,,0,14:58:02,00,Y,N,1,1,Y,转股价下修1次，成功下修1次,2023-02-13 开始转股,计算使用1.9年期 评级为AA 债参考YTM：1.6356,N,20.0,全价：118.920 最后更新：14:58:02,,,,0,{'M': ''},0,0,N,,,buy,buy
2026-09-14 14:19:48,123266,博士转债,bszz,138.6,0.77,300622,博士眼镜,bsyj,14.35,0.42,4.94,21.38,67.12,10,106.5,245.1,450401,商贸零售,szcy,C,2026-04-07,[],0,0,buy,AA,,14.966,27.794,11.8,buy,2032-03-17,5.51,3.75,1450.62,5713.99,2.81,-3.29,,0,15:34:27,00,Y,N,0,0,Y,,未到转股期；2026-09-24 开始转股,计算使用5.6年期 评级为AA 债参考YTM：1.9501,N,3.75,全价：138.600 最后更新：15:34:27,,,,0,[],0,0,N,,,buy,buy
2026-09-14 14:19:48,113638,台21转债,t21zz,122.426,0.76,603055,台华新材,thxc,9.36,1.96,1.5,16.01,58.46,0,109.41,231.84,350106,纺织服饰,shmb,C,2022-01-21,[],0,0,buy,AA,,11.207,20.813,7.2,buy,2027-12-29,1.29,5.997,2914.32,5722.57,3.98,-5.58,,0,14:58:48,00,Y,N,0,0,Y,,2022-07-05 开始转股,计算使用1.3年期 评级为AA 债参考YTM：1.6093,N,6.0,全价：122.426 最后更新：14:58:48,,,,0,{'M': ''},0,0,N,,,buy,buy
2026-09-14 14:19:48,123196,正元转02,zyz02,126.118,1.54,300645,正元智慧,zyzh,13.17,-0.15,1.69,21.91,60.11,0,109.81,235.93,710103,计算机,szcy,C,2023-05-19,[],0,0,buy,A+,,15.337,28.483,19.1,buy,2029-04-18,2.595,3.501,2530.85,4701.6,5.75,-2.48,,0,15:34:06,00,Y,N,2,1,Y,转股价下修2次，成功下修1次,2023-10-24 开始转股,计算使用2.6年期 评级为A+ 债参考YTM：4.4176,N,3.507,全价：126.118 最后更新：15:34:06,,,,0,[],0,0,N,,,buy,buy
2026-09-14 14:19:48,123192,科思转债,kszz,123.738,0.85,300856,科思股份,ksgf,10.21,0.69,1.77,17.32,58.95,0,109.91,233.65,770201,美容护理,szcy,C,2023-05-11,[],0,0,buy,AA-,,12.124,22.516,15.3,buy,2029-04-13,2.581,7.187,3838.61,2170.74,4.31,-1.69,,0,15:34:12,00,Y,N,0,0,Y,,2023-10-19 开始转股,计算使用2.6年期 评级为AA- 债参考YTM：2.0666,N,7.249,全价：123.738 最后更新：15:34:12,,,,0,{'M': ''},0,0,N,,,buy,buy
2026-09-14 14:19:48,123138,丝路转债,slzz,125.7,0.55,300556,丝路视觉,slsj,15.85,-0.69,4.65,26.53,59.74,0,110.4,236.1,710401,计算机,szcy,C,2022-03-22,[],0,0,buy,A-,,18.571,34.489,13.9,buy,2028-03-02,1.466,2.393,1293.56,5384.93,4.31,-4.57,,0,15:33:57,00,Y,N,0,0,Y,,2022-09-08 开始转股,计算使用1.5年期 评级为A- 债参考YTM：8.9072,N,2.4,全价：125.700 最后更新：15:33:57,,,,0,[],0,0,N,,,buy,buy
2026-09-14 14:19:48,113625,江山转债,jszz,115.929,0.08,603208,江山欧派,jsop,10.92,1.3,1.94,19.84,55.04,0,110.63,226.56,360308,轻工制造,shmb,C,2021-07-01,[],0,0,buy,A,,13.888,25.792,30.3,buy,2027-06-11,0.74,5.825,2167.55,2929.55,3.21,2.42,,0,14:59:38,00,Y,N,1,1,N,"转股价下修1次，成功下修1次
2026-09-09 至 2026-09-15 期间暂停转股：回售
转股价19.840生效日期2025-06-13",2021-12-20 开始转股;2026-09-09 至 2026-09-15 期间暂停转股：回售,计算使用0.8年期 评级为A 债参考YTM：6.4598,N,5.83,全价：115.929 最后更新：14:59:38,,,,0,[],0,0,Y,,,buy,buy
2026-09-14 14:19:48,111009,盛泰转债,stzz,121.472,1.5,605138,盛泰集团,stjt,6.01,0.33,1.33,10.51,57.18,0,112.42,233.89,350209,纺织服饰,shmb,C,2022-12-01,[],0,0,buy,AA,,7.357,13.663,21.0,buy,2028-11-07,2.151,7.011,4238.13,1415.35,4.99,-3.25,,0,14:58:44,00,Y,N,0,0,Y,,2023-05-11 开始转股,计算使用2.2年期 评级为AA 债参考YTM：1.6536,N,7.012,全价：121.472 最后更新：14:58:44,,,,0,[],0,0,N,,,buy,buy
2026-09-14 14:19:48,118067,上26转债,s26zz,129.196,0.54,688533,上声电子,ssdz,19.18,0.26,1.77,32.25,59.47,10,117.24,246.44,280206,汽车,shkc,C,2026-04-14,[],0,0,buy,A+,,22.575,41.925,10.3,buy,2032-03-17,5.51,3.25,781.31,1344.67,1.86,-1.67,,0,14:59:58,00,Y,N,0,0,Y,,未到转股期；2026-09-24 开始转股,计算使用5.6年期 评级为A+ 债参考YTM：5.0192,N,3.25,全价：129.196 最后更新：14:59:58,,,,0,{'M': ''},0,0,N,,,buy,buy
2026-09-14 14:19:48,113700,海天转债,htzz,129.249,1.61,603759,海天股份,htgf,7.38,1.93,1.17,12.41,59.47,0,117.34,246.59,760102,环保,shmb,C,2026-03-12,[],0,0,buy,AA,,8.687,16.133,23.5,buy,2032-02-05,5.397,8.01,3282.74,3292.37,3.18,-2.41,,0,14:59:38,00,Y,N,0,0,Y,,2026-08-11 开始转股,计算使用5.4年期 评级为AA 债参考YTM：1.9092,N,8.01,全价：129.249 最后更新：14:59:38,,,,0,[],0,0,N,,,buy,buy
2026-09-14 14:19:48,127062,垒知转债,lzzz,122.969,0.38,002398,垒知集团,lzjt,4.2,0.72,0.76,7.56,55.56,0,121.34,244.31,610303,建筑材料,szmb,C,2022-05-20,[],0,0,buy,AA-,,5.292,9.828,15.7,buy,2028-04-21,1.603,3.957,1285.36,4140.84,2.64,-3.09,,0,15:34:39,00,Y,N,0,0,Y,,2022-10-27 开始转股,计算使用1.7年期 评级为AA- 债参考YTM：1.8972,N,3.963,全价：122.969 最后更新：15:34:39,,,,0,[],0,0,N,,,buy,buy
2026-09-14 14:19:48,113693,志邦转债,zbzz,120.784,0.87,603801,志邦家居,zbjj,6.07,0.66,0.89,11.13,54.54,0,121.47,242.25,360308,轻工制造,shmb,C,2025-04-08,[],0,0,buy,AA,,7.791,14.469,25.4,buy,2031-03-18,4.51,6.7,3803.25,3993.87,4.72,-1.24,,0,14:58:42,00,Y,N,0,0,Y,,2025-09-24 开始转股,计算使用4.6年期 评级为AA 债参考YTM：1.8366,N,6.7,全价：120.784 最后更新：14:58:42,,,,0,[],0,0,N,,,buy,buy
2026-09-14 14:19:48,113616,韦尔转债,wezz,109.501,-0.01,603501,豪威集团,hwjt,77.91,1.34,3.0,159.02,48.99,0,123.5,233.0,270104,电子,shmb,C,2021-01-22,[],0,0,buy,AA+,,111.314,206.726,2.6,buy,2026-12-28,0.288,24.324,11078.69,74897.18,4.16,1.58,,0,14:59:42,00,Y,N,0,0,Y,,2021-07-05 开始转股,计算使用0.3年期 评级为AA+ 债参考YTM：1.4926,N,24.4,全价：109.501 最后更新：14:59:42,,,,0,{'M': ''},0,0,N,,,buy,buy
2026-09-14 14:19:48,123265,耐普转02,npz02,131.136,0.41,300818,耐普矿机,npkj,17.25,0.35,2.02,29.42,58.63,0,123.65,254.79,640103,机械设备,szcy,C,2026-01-30,[],0,0,buy,A+,,20.594,38.246,18.4,buy,2032-01-16,5.343,4.499,1637.38,2582.63,2.78,-1.85,,0,15:34:24,00,Y,N,0,0,Y,,2026-07-22 开始转股,计算使用5.4年期 评级为A+ 债参考YTM：4.8814,N,4.5,全价：131.136 最后更新：15:34:24,,,,0,[],0,0,N,,,buy,buy
2026-09-14 14:19:48,118075,奥普转债,apzz,208.847,-1.03,688686,奥普特,apt,139.1,1.5,5.33,149.83,92.84,143,124.96,333.81,640704,机械设备,shkc,C,2026-08-19,[],0,0,buy,AA,,104.881,194.779,7.5,buy,2032-07-28,5.874,12.7,72881.17,23802.81,27.25,-9.95,,0,15:00:00,00,Y,N,0,0,Y,,未到转股期；2027-02-04 开始转股,计算使用5.9年期 评级为AA 债参考YTM：2.0131,N,12.7,全价：208.847 最后更新：15:00:00,,,,0,{'M': ''},0,0,N,,,buy,buy
2026-09-14 14:19:48,123175,百畅转债,bczz,114.98,0.42,300614,百川畅银,bccy,10.42,1.86,1.95,20.4,51.08,0,125.1,240.08,760103,环保,szcy,C,2023-03-17,[],0,0,buy,BBB+,,14.28,26.52,25.1,buy,2029-02-22,2.444,4.199,2159.62,3674.27,4.49,0.48,,0,15:33:57,00,Y,N,3,2,Y,转股价下修3次，成功下修2次,2023-08-28 开始转股,计算使用2.5年期 评级为BBB+ 债参考YTM：12.2574,Y,4.2,全价：114.980 最后更新：15:33:57,,,"按下调到底估算
股东大会：2026-09-15
预估转股价：10.69
预估转股价值：97.47
期权价值：27.54
理论价值：115.82
理论偏离度：-0.73%",0,{'M': ''},0,0,N,,,buy,buy
2026-09-14 14:19:48,123267,珂玛转债,kmzz,207.8,0.73,301611,珂玛科技,kmkj,85.99,0.23,19.81,97.47,88.22,38,135.54,343.34,270103,电子,szcy,C,2026-05-13,[],0,0,buy,AA,,68.229,126.711,6.0,buy,2032-04-15,5.589,7.5,33928.45,38520.06,22.12,-10.35,,0,15:34:45,00,Y,N,0,0,Y,,未到转股期；2026-10-22 开始转股,计算使用5.6年期 评级为AA 债参考YTM：1.9501,N,7.5,全价：207.800 最后更新：15:34:45,,,,0,{'M': ''},0,0,N,,,buy,buy
2026-09-14 14:19:48,118022,锂科转债,lkzz,118.294,0.46,688779,五矿新能,wkxn,7.62,2.42,1.95,15.49,49.19,0,140.47,258.76,630702,电力设备,shkc,C,2022-11-07,[],0,0,buy,AA,,10.843,20.137,22.1,buy,2028-10-11,2.077,32.497,3194.34,11925.43,0.83,-2.1,,0,14:59:38,00,Y,N,0,0,Y,,2023-04-17 开始转股,计算使用2.1年期 评级为AA 债参考YTM：1.6471,N,32.5,全价：118.294 最后更新：14:59:38,,,,0,{'M': ''},0,0,N,,,buy,buy
2026-09-14 14:19:48,111014,李子转债,lzzz,120.722,0.53,605337,李子园,lzy,9.06,0.33,2.13,18.21,49.75,0,142.64,263.36,340701,食品饮料,shmb,C,2023-07-13,[],0,0,buy,AA,,12.747,23.673,17.1,buy,2029-06-20,2.767,5.999,3251.66,2617.48,4.5,-1.67,,0,14:58:58,00,Y,N,0,0,Y,,2023-12-28 开始转股,计算使用2.8年期 评级为AA 债参考YTM：1.6973,N,6.0,全价：120.722 最后更新：14:58:58,,,,0,[],0,0,Y,,,buy,buy
2026-09-14 14:19:48,118068,迪威转债,dwzz,126.583,0.56,688377,迪威尔,dwe,16.73,2.89,2.04,32.49,51.49,87,145.83,272.41,640203,机械设备,shkc,C,2026-06-30,[],0,0,buy,AA-,,22.743,42.237,23.2,buy,2032-06-03,5.723,9.08,3123.81,4681.55,2.72,-1.88,,0,14:59:59,00,Y,N,0,0,Y,,未到转股期；2026-12-10 开始转股,计算使用5.8年期 评级为AA- 债参考YTM：2.8031,N,9.08,全价：126.583 最后更新：14:59:59,,,,0,{'M': ''},0,0,N,,,buy,buy
2026-09-14 14:19:48,123090,三诺转债,snzz,111.529,0.01,300298,三诺生物,snsw,15.35,1.12,2.77,34.52,44.47,0,150.81,262.34,370502,医药生物,szcy,C,2021-01-12,[],0,0,buy,AA,,24.164,44.876,7.2,buy,2026-12-21,0.269,4.984,1384.58,4352.76,2.49,1.57,,0,15:34:48,00,Y,N,0,0,Y,,2021-06-25 开始转股,计算使用0.3年期 评级为AA 债参考YTM：1.5026,N,5.0,全价：111.529 最后更新：15:34:48,,,,0,{'M': ''},0,0,N,,,buy,buy
2026-09-14 14:19:48,118015,芯海转债,xhzz,126.349,0.6,688595,芯海科技,xhkj,27.77,0.62,5.56,55.22,50.29,0,151.24,277.59,270104,电子,shkc,C,2022-08-18,[],0,0,buy,A+,,38.654,71.786,10.2,buy,2028-07-21,1.852,4.1,877.37,3524.64,1.7,-3.94,,0,14:59:38,00,Y,N,0,0,N,2026-09-08 至 2026-09-14 期间暂停转股：回售,2023-01-30 开始转股;2026-09-08 至 2026-09-14 期间暂停转股：回售,计算使用1.9年期 评级为A+ 债参考YTM：4.2747,N,4.1,全价：126.349 最后更新：14:59:38,,,,0,{'M': ''},0,0,Y,,,buy,buy
2026-09-14 14:19:48,118042,奥维转债,awzz,123.248,0.88,688516,奥特维,atw,40.58,1.15,3.37,83.69,48.49,0,154.18,277.43,630505,电力设备,shkc,C,2023-09-01,[],0,0,buy,AA-,,58.583,108.797,8.9,buy,2029-08-10,2.907,11.399,2446.99,28351.53,1.75,-1.36,,0,14:59:45,00,Y,N,0,0,Y,,2024-02-19 开始转股,计算使用3.0年期 评级为AA- 债参考YTM：2.1619,N,11.4,全价：123.248 最后更新：14:59:45,,,,0,{'M': ''},0,0,N,,,buy,buy
2026-09-14 14:19:48,113650,博22转债,b22zz,121.1,0.84,603916,苏博特,sbt,10.54,1.64,1.02,23.27,45.29,0,167.36,288.46,220309,基础化工,shmb,C,2022-07-28,[],0,0,buy,AA-,,16.289,30.251,18.0,buy,2028-07-01,1.797,7.996,2831.12,6752.78,2.92,-1.92,,0,14:59:38,00,Y,N,0,0,Y,,2023-01-09 开始转股,计算使用1.8年期 评级为AA- 债参考YTM：1.9116,N,8.0,全价：121.100 最后更新：14:59:38,,,,0,{'M': ''},0,0,N,,,buy,buy
2026-09-14 14:19:48,118066,统联转债,tlzz,126.971,0.5,688210,统联精密,tljm,26.51,-0.34,3.4,55.96,47.37,0,168.02,294.99,270504,电子,shkc,C,2026-03-20,[],0,0,buy,AA-,,39.172,72.748,13.4,buy,2032-03-02,5.469,5.76,2497.49,11078.34,3.43,-2.02,,0,14:59:54,00,Y,N,0,0,Y,,2026-09-07 开始转股,计算使用5.5年期 评级为AA- 债参考YTM：2.6002,N,5.76,全价：126.971 最后更新：14:59:54,,,,0,{'M': ''},0,0,N,,,buy,buy
2026-09-14 14:19:48,127098,欧晶转债,ojzz,123.193,1.44,001269,欧晶科技,ojkj,18.81,-0.58,4.97,42.0,44.79,0,175.07,298.26,630504,电力设备,szmb,C,2023-12-15,[],0,0,buy,A+,,29.4,54.6,13.0,buy,2029-11-24,3.197,4.693,2614.56,2393.92,4.54,-1.88,,0,15:34:09,00,Y,N,1,1,Y,转股价下修1次，成功下修1次,2024-05-30 开始转股,计算使用3.2年期 评级为A+ 债参考YTM：4.5493,N,4.7,全价：123.193 最后更新：15:34:09,,,,0,[],0,0,N,,,buy,buy
2026-09-14 14:19:48,123117,健帆转债,jfzz,109.619,0.05,300529,健帆生物,jfsw,14.94,-0.2,3.45,38.15,39.16,0,179.92,289.54,370503,医药生物,szcy,C,2021-07-12,[],0,0,buy,AA,,26.705,49.595,13.1,buy,2027-06-23,0.773,9.998,3178.82,5394.15,2.9,0.45,,0,15:33:54,00,Y,N,2,2,Y,转股价下修2次，成功下修2次,2021-12-29 开始转股,计算使用0.8年期 评级为AA 债参考YTM：1.5546,N,10.0,全价：109.619 最后更新：15:33:54,,,,0,{'M': ''},0,0,N,,,buy,buy
2026-09-14 14:19:48,123180,浙矿转债,zkzz,129.493,1.02,300837,浙矿股份,zkgf,22.0,1.06,1.54,47.59,46.23,0,180.12,309.61,640203,机械设备,szcy,C,2023-03-28,[],0,0,buy,AA-,,33.313,61.867,19.2,buy,2029-03-09,2.485,3.196,1610.66,3825.99,3.9,-3.57,,0,15:34:00,00,Y,N,0,0,Y,,2023-09-15 开始转股,计算使用2.5年期 评级为AA- 债参考YTM：2.0424,N,3.2,全价：129.493 最后更新：15:34:00,,,,0,[],0,0,N,,,buy,buy
2026-09-14 14:19:48,113049,长汽转债,cqzz,106.579,0.07,601633,长城汽车,ccqc,14.71,1.59,1.44,38.74,37.97,0,180.68,287.26,280502,汽车,shmb,C,2021-07-08,[],0,0,buy,AAA,,27.118,50.362,3.8,buy,2027-06-10,0.737,34.95,6050.46,32360.54,1.62,0.54,,0,14:59:37,00,Y,N,0,0,Y,,2021-12-17 开始转股,计算使用0.8年期 评级为AAA 债参考YTM：1.5209,N,35.0,全价：106.579 最后更新：14:59:37,,,,1,{'M': ''},0,0,N,,,buy,buy
2026-09-14 14:19:48,118010,洁特转债,jtzz,124.577,0.69,688026,洁特生物,jtsw,21.19,-0.09,2.49,47.88,44.26,0,181.49,306.07,370503,医药生物,shkc,C,2022-08-02,[],0,0,buy,A+,,33.516,62.244,14.8,buy,2028-06-28,1.789,4.399,1139.75,8519.85,2.08,-5.93,,0,14:58:04,00,Y,N,0,0,Y,,2023-01-04 开始转股,计算使用1.8年期 评级为A+ 债参考YTM：4.2580,N,4.4,全价：124.577 最后更新：14:58:04,,,,0,{'M': ''},0,0,N,,,buy,buy
2026-09-14 14:19:48,113670,金23转债,j23zz,121.681,0.82,603180,金牌家居,jpjj,15.5,1.24,0.92,37.54,41.29,0,194.7,316.38,360308,轻工制造,shmb,C,2023-05-16,[],0,0,buy,AA,,26.278,48.802,32.2,buy,2029-04-17,2.592,7.7,1426.64,1573.65,1.52,-1.1,,0,14:59:34,00,Y,N,0,0,Y,,2023-10-23 开始转股,计算使用2.6年期 评级为AA 债参考YTM：1.6824,N,7.7,全价：121.681 最后更新：14:59:34,,,,0,[],0,0,N,,,buy,buy
2026-09-14 14:19:48,123250,嘉益转债,jyzz,122.2,0.09,301004,嘉益股份,jygf,32.63,0.87,2.44,79.66,40.96,0,198.33,320.53,360311,轻工制造,szcy,C,2024-11-26,[],0,0,buy,A+,,55.762,103.558,8.9,buy,2030-11-07,4.151,3.955,2048.59,1372.84,4.24,-0.71,,0,15:34:30,00,Y,N,0,0,Y,,2025-05-13 开始转股,计算使用4.2年期 评级为A+ 债参考YTM：4.6616,N,3.979,全价：122.200 最后更新：15:34:30,,,,0,{'M': ''},0,0,N,,,buy,buy
2026-09-14 14:19:48,123151,康医转债,kyzz,118.4,0.07,300869,康泰医学,ktyx,10.66,0.19,2.55,27.55,38.69,0,206.0,324.4,370502,医药生物,szcy,C,2022-07-20,[],0,0,buy,A+,,19.285,35.815,24.9,buy,2028-07-01,1.797,6.998,2003.87,1634.66,2.42,-0.43,,0,15:33:54,00,Y,N,0,0,Y,,2023-01-09 开始转股,计算使用1.8年期 评级为A+ 债参考YTM：4.2580,N,7.0,全价：118.400 最后更新：15:33:54,,,,0,{'M': ''},0,0,N,,,buy,buy
2026-09-14 14:19:48,113660,寿22转债,s22zz,122.352,1.03,603896,寿仙谷,sxg,14.36,0.56,1.24,36.84,38.98,0,213.89,336.24,370201,医药生物,shmb,C,2022-12-12,[],0,0,buy,AA-,,25.788,47.892,14.0,buy,2028-11-17,2.178,3.977,1004.83,1262.37,2.07,-2.67,,0,14:58:42,00,Y,N,0,0,Y,,2023-05-23 开始转股,计算使用2.2年期 评级为AA- 债参考YTM：1.9760,N,3.98,全价：122.352 最后更新：14:58:42,,,,0,[],0,0,N,,,buy,buy
2026-09-14 14:19:48,128135,洽洽转债,qqzz,114.804,0.0,002557,洽洽食品,qqsp,18.3,0.49,1.82,54.95,33.3,0,244.73,359.53,340801,食品饮料,szmb,C,2020-11-18,[],0,0,buy,AA,,38.465,71.435,14.5,buy,2026-10-20,0.099,13.398,2362.19,11943.4,1.54,1.78,,0,15:33:54,00,Y,N,0,0,Y,,2021-04-26 开始转股,计算使用0.1年期 评级为AA 债参考YTM：1.4976,N,13.4,全价：114.804 最后更新：15:33:54,,,,1,"{'R': '到期\n最后交易日：2026-10-14\n最后转股日：2026-10-19\n债券到期日：2026-10-20\n到期赎回价：115.000元/张', 'M': ''}",0,0,N,,,buy,buy
2026-09-14 14:19:48,118032,建龙转债,jlzz,123.773,0.74,688357,建龙微纳,jlwn,25.37,1.64,1.38,71.41,35.53,0,248.39,372.16,220309,基础化工,shkc,C,2023-04-07,[],0,0,buy,AA-,,49.987,92.833,27.6,buy,2029-03-08,2.482,6.999,1626.64,1259.9,1.88,-1.77,,0,14:59:38,00,Y,N,0,0,Y,,2023-09-14 开始转股,计算使用2.5年期 评级为AA- 债参考YTM：2.0424,N,7.0,全价：123.773 最后更新：14:59:38,,,,0,{'M': ''},0,0,N,,,buy,buy
2026-09-14 14:19:48,110085,通22转债,t22zz,113.896,0.39,600438,通威股份,twgf,11.27,1.99,1.5,34.6,32.57,0,249.67,363.57,630501,电力设备,shmb,C,2022-03-18,[],0,0,buy,AAA,,24.22,44.98,23.6,buy,2028-02-24,1.447,119.831,6025.26,34773.65,0.44,-1.91,,0,14:59:38,00,Y,N,0,0,Y,,2022-09-02 开始转股,计算使用1.5年期 评级为AAA 债参考YTM：1.5389,N,120.0,全价：113.896 最后更新：14:59:38,,,,0,{'M': ''},0,0,N,,,buy,buy
2026-09-14 14:19:48,123273,三江转债,sjzz,305.95,1.31,301059,金三江,jsj,12.31,1.57,4.26,14.43,85.31,101,258.64,564.59,220309,基础化工,szcy,C,2026-07-03,[],0,0,buy,A+,,10.101,18.759,11.4,buy,2032-06-16,5.759,2.9,76988.76,2674.34,86.47,-15.3,,0,15:34:36,00,Y,N,0,0,Y,,未到转股期；2026-12-24 开始转股,计算使用5.8年期 评级为A+ 债参考YTM：5.1528,N,2.9,全价：305.950 最后更新：15:34:36,,,,0,{'M': ''},0,0,N,,,buy,buy
2026-09-14 14:19:48,118005,天奈转债,tnzz,120.031,0.79,688116,天奈科技,tnkj,32.49,1.63,3.06,99.01,32.82,0,265.78,385.81,630702,电力设备,shkc,C,2022-03-01,[],0,0,buy,AA-,,69.307,128.713,7.0,buy,2028-01-27,1.37,8.299,1389.2,12441.93,1.4,-5.12,,0,14:59:38,00,Y,N,0,0,Y,,2022-08-09 开始转股,计算使用1.4年期 评级为AA- 债参考YTM：1.8538,N,8.3,全价：120.031 最后更新：14:59:38,,,,0,{'M': ''},0,0,N,,,buy,buy
2026-09-14 14:19:48,123072,乐歌转债,lgzz,119.744,0.01,300729,乐歌股份,lggf,10.38,1.17,0.99,32.61,31.83,0,276.19,395.93,360311,轻工制造,szcy,C,2020-11-10,[],0,0,buy,A+,,22.827,42.393,4.2,buy,2026-10-21,0.101,1.418,1467.82,1794.43,8.65,2.17,,0,15:34:48,00,Y,N,0,0,Y,,2021-04-27 开始转股,计算使用0.2年期 评级为A+ 债参考YTM：4.0071,N,1.42,全价：119.744 最后更新：15:34:48,,,,0,{'R': '到期\n最后交易日：2026-10-15\n最后转股日：2026-10-20\n'},0,0,N,,,buy,buy
2026-09-14 14:19:48,113633,科沃转债,kwzz,111.121,0.34,603486,科沃斯,kws,49.95,-2.93,2.84,172.97,28.88,0,284.8,395.92,330302,家用电器,shmb,C,2021-12-29,[],0,0,buy,AA,,121.079,224.861,3.6,buy,2027-11-30,1.211,10.396,2161.0,19864.86,1.87,0.51,,0,14:59:38,00,Y,N,0,0,Y,,2022-06-06 开始转股,计算使用1.3年期 评级为AA 债参考YTM：1.6093,N,10.4,全价：111.121 最后更新：14:59:38,,,,0,{'M': ''},0,0,N,,,buy,buy
2026-09-14 14:19:48,127025,冀东转债,jdzz,105.791,0.03,000401,金隅冀东,jyjd,3.55,-0.28,0.36,12.92,27.48,0,285.02,390.81,610101,建筑材料,szmb,C,2020-12-02,[],0,0,buy,AAA,,9.044,16.796,19.0,buy,2026-11-05,0.143,17.764,5053.73,3222.12,2.69,1.41,,0,15:34:39,00,Y,Y,0,0,Y,,2021-05-11 开始转股,计算使用0.2年期 评级为AAA 债参考YTM：1.4700,N,28.2,全价：105.791 最后更新：15:34:39,,,,0,{'M': ''},0,0,N,,,buy,buy
2026-09-14 14:19:48,123270,盛德转债,sdzz,214.42,-0.7,300881,盛德鑫泰,sdxt,29.42,0.38,2.43,53.68,54.81,84,291.23,505.65,230501,钢铁,szcy,C,2026-06-12,[],0,0,buy,A+,,37.576,69.784,24.0,buy,2032-05-31,5.715,4.05,20870.25,2524.73,23.77,-10.06,,0,15:34:24,00,Y,N,0,0,Y,,未到转股期；2026-12-07 开始转股,计算使用5.8年期 评级为A+ 债参考YTM：5.1528,N,4.05,全价：214.420 最后更新：15:34:24,,,,0,{'M': ''},0,0,N,,,buy,buy
2026-09-14 14:19:48,123179,立高转债,lgzz,121.3,0.54,300973,立高食品,lgsp,25.45,0.67,1.59,94.64,26.89,0,351.07,472.37,340802,食品饮料,szcy,C,2023-03-27,[],0,0,buy,AA-,,66.248,123.032,31.5,buy,2029-03-07,2.48,9.499,1376.64,3917.95,1.19,-0.85,,0,15:34:09,00,Y,N,0,0,Y,,2023-09-13 开始转股,计算使用2.5年期 评级为AA- 债参考YTM：2.0424,N,9.5,全价：121.300 最后更新：15:34:09,,,,0,{'M': ''},0,0,N,,,buy,buy
2026-09-14 14:19:48,113059,福莱转债,flzz,115.777,0.59,601865,福莱特,flt,9.39,-0.84,1.02,41.56,22.59,0,412.43,528.21,630504,电力设备,shmb,C,2022-06-13,[],0,0,buy,AA,,29.092,54.028,22.4,buy,2028-05-20,1.682,39.996,4740.4,6150.13,1.03,-1.03,,0,14:59:55,00,Y,N,1,0,Y,转股价下修1次，成功下修0次,2022-11-28 开始转股,计算使用1.7年期 评级为AA 债参考YTM：1.6274,N,40.0,全价：115.777 最后更新：14:59:55,,,,0,{'M': ''},0,0,N,,,buy,buy
