抓取时间,bond_id,bond_nm,bond_py,price,increase_rt,stock_id,stock_nm,stock_py,sprice,sincrease_rt,pb,convert_price,convert_value,convert_begin,premium_rt,dblow,sw_cd,sw_name,market_cd,btype,list_dt,t_flag,owned,hold,bond_value,rating_cd,option_value,put_convert_price,force_redeem_price,convert_amt_ratio,fund_rt,maturity_dt,year_left,curr_iss_amt,volume,svolume,turnover_rt,ytm_rt,put_ytm_rt,noted,last_time,qstatus,sqflag,pb_flag,adj_cnt,adj_scnt,convert_price_valid,convert_price_tips,convert_cd_tip,ref_yield_info,adjusted,orig_iss_amt,price_tips,redeem_dt,real_force_redeem_price,option_tip,after_next_put_dt,icons,is_min_price,blocked,putting,force_redeem_price_tip,notes,volatility_rate,debt_rate
2026-07-06 11:47:46,118071,华峰转债,hfzz,100.0,0.0,688200,华峰测控,hfck,443.4,-4.44,21.23,336.12,131.92,176,-24.19,75.81,270108,电子,shkc,C,,[],0,0,buy,AA,,235.284,436.956,0.8,buy,2032-06-22,5.967,7.49,0.0,297941.15,0.0,2.17,,0,,00,Y,N,0,0,Y,,未到转股期；2026-12-29 开始转股,计算使用6.0年期 评级为AA 债参考YTM：2.2056,N,7.49,待上市,,,,0,{'M': ''},0,0,N,,,buy,buy
2026-07-06 11:47:46,113704,春风转债,cfzz,100.0,0.0,603129,春风动力,cfdl,269.2,2.38,5.16,241.7,111.38,163,-10.22,89.78,280402,汽车,shmb,C,2026-07-07,[],0,0,buy,AA+,,169.19,314.21,5.3,buy,2032-06-09,5.932,21.79,0.0,57178.9,0.0,2.0,,0,,00,Y,N,0,0,Y,,未到转股期；2026-12-16 开始转股,计算使用6.0年期 评级为AA+ 债参考YTM：1.9456,N,21.79,待上市,,,,0,{'M': ''},0,0,N,,,buy,buy
2026-07-06 11:47:46,118070,南芯转债,nxzz,100.0,0.0,688484,南芯科技,nxkj,46.05,-4.18,4.72,43.84,105.04,172,-4.8,95.2,270105,电子,shkc,C,,[],0,0,buy,AA+,,30.688,56.992,8.1,buy,2032-06-17,5.953,15.869,0.0,81425.94,0.0,2.03,,0,,00,Y,N,0,0,Y,,未到转股期；2026-12-25 开始转股,计算使用6.0年期 评级为AA+ 债参考YTM：1.9456,N,15.869,待上市,,,,0,{'M': ''},0,0,N,,,buy,buy
2026-07-06 11:47:46,113706,金帝转债,jdzz,100.0,0.0,603270,金帝股份,jdgf,31.22,-8.98,2.98,30.62,101.96,169,-1.92,98.08,640108,机械设备,shmb,C,,[],0,0,buy,AA,,21.434,39.806,43.9,buy,2032-06-14,5.945,9.7,0.0,46614.3,0.0,2.96,,0,,00,Y,N,0,0,Y,,未到转股期；2026-12-22 开始转股,计算使用6.0年期 评级为AA 债参考YTM：2.2056,N,9.7,待上市,,,,0,{'M': ''},0,0,N,,,buy,buy
2026-07-06 11:47:46,118011,XD银微转,ywzz,257.758,19.83,688689,银河微电,yhwd,80.75,18.7,7.58,31.05,260.06,0,-0.89,256.87,270102,电子,shkc,C,2022-08-02,[],0,0,buy,A+,,21.735,40.365,2.5,buy,2028-07-04,1.997,2.728,668721.36,123806.53,1014.64,-32.81,,0,15:00:00,00,Y,N,0,0,Y,,2023-01-09 开始转股,已公告要强赎，如不考虑强赎纯债价值为107.92元，计算使用2.0年期 评级为A+ 债参考YTM：4.3568,N,5.0,全价：257.758 最后更新：15:00:00,,,如不考虑强赎期权价值为170.91元,1,"{'O': '', 'M': ''}",0,0,N,,,buy,buy
2026-07-06 11:47:46,110074,精达转债,jdzz,286.297,-4.26,600577,精达股份,jdgf,9.37,-3.3,3.22,3.26,287.42,0,-0.39,285.91,630805,电力设备,shmb,C,2020-09-21,[],0,0,buy,AA,,2.282,4.238,1.1,buy,2026-08-19,0.121,2.283,27746.51,62808.56,41.69,-516.81,,0,14:59:59,00,Y,N,0,0,Y,,2021-02-25 开始转股,如不考虑强赎纯债价值为111.80元，计算使用0.2年期 评级为AA 债参考YTM：1.5241,N,7.87,全价：286.297 最后更新：14:59:59,,,,1,"{'B': '', 'M': ''}",0,0,N,,,buy,buy
2026-07-06 11:47:46,123251,华医转债,hyzz,290.019,-3.87,301235,华康洁净,hkjj,64.6,-3.71,3.65,22.24,290.47,0,-0.15,289.87,370502,医药生物,szcy,C,2025-01-09,[],0,0,buy,A+,,15.568,28.912,14.4,buy,2030-12-23,4.469,6.832,79591.48,37805.73,39.79,-18.19,,0,15:34:33,00,Y,N,0,0,Y,,2025-06-27 开始转股,计算使用4.5年期 评级为A+ 债参考YTM：4.8815,N,7.5,全价：290.019 最后更新：15:34:33,,,,0,{'M': ''},0,0,N,,,buy,buy
2026-07-06 11:47:46,110077,洪城转债,hczz,204.589,0.81,600461,洪城环境,hchj,9.03,1.23,1.13,4.41,204.76,0,-0.08,204.51,760102,环保,shmb,C,2020-12-17,[],0,0,buy,AA+,,3.087,5.733,5.8,buy,2026-11-20,0.375,6.67,10989.89,11148.68,8.12,-124.08,,0,14:59:54,00,Y,N,0,0,Y,,2021-05-26 开始转股,计算使用0.4年期 评级为AA+ 债参考YTM：1.4946,N,18.0,全价：204.589 最后更新：14:59:54,,,,1,"{'G': '本次（2025年6月22日至2025年7月11日）不提前赎回，以2026年7月12日为首个交易日重新计算', 'M': ''}",0,0,N,,,buy,buy
2026-07-06 11:47:46,127114,宜化转债,yhzz,100.0,0.0,000422,湖北宜化,hbyh,14.09,-0.7,2.18,14.08,100.07,182,-0.07,99.93,220801,基础化工,szmb,C,,[],0,0,buy,AA+,,9.856,18.304,22.1,buy,2032-06-25,5.975,33.0,0.0,42003.69,0.0,2.2,,0,,00,Y,Y,0,0,Y,,未到转股期；2027-01-04 开始转股,计算使用6.0年期 评级为AA+ 债参考YTM：1.9456,N,33.0,待上市,,,,0,{'M': ''},0,0,N,,,buy,buy
2026-07-06 11:47:46,123178,花园转债,hyzz,153.292,-6.75,300401,花园生物,hysw,20.45,-5.98,3.15,13.34,153.3,0,0.0,153.29,370101,医药生物,szcy,C,2023-03-23,[],0,0,buy,AA-,,9.338,17.342,10.6,buy,2029-03-06,2.669,11.58,83873.35,102364.53,44.63,-9.34,,0,15:34:42,00,Y,N,1,1,Y,转股价下修1次，成功下修1次,2023-09-11 开始转股,计算使用2.7年期 评级为AA- 债参考YTM：2.2297,N,12.0,全价：153.292 最后更新：15:34:42,,,,0,{'M': ''},0,0,N,,,buy,buy
2026-07-06 11:47:46,113658,密卫转债,mwzz,143.284,-1.64,603713,密尔克卫,mekw,78.35,-1.11,2.5,54.72,143.18,0,0.07,143.35,420806,交通运输,shmb,C,2022-10-25,[],0,0,buy,AA-,,38.304,71.136,7.0,buy,2027-09-16,1.197,8.645,41783.28,88875.54,33.53,-17.89,,0,14:59:59,00,Y,N,1,1,Y,转股价下修1次，成功下修1次,2023-03-22 开始转股,计算使用1.2年期 评级为AA- 债参考YTM：1.8601,N,8.724,全价：143.284 最后更新：14:59:59,,,,1,{'M': ''},0,0,N,,,buy,buy
2026-07-06 11:47:46,118040,宏微转债,hwzz,126.521,-4.8,688711,宏微科技,hwkj,36.0,-2.78,7.06,28.51,126.27,0,0.2,126.72,270102,电子,shkc,C,2023-08-14,[],0,0,buy,A,,19.957,37.063,5.6,buy,2029-07-25,3.055,4.287,66736.71,54160.24,119.93,-1.68,,0,15:00:00,00,Y,N,1,1,Y,转股价下修1次，成功下修1次,2024-01-31 开始转股,已公告要强赎，如不考虑强赎纯债价值为98.22元，计算使用3.1年期 评级为A 债参考YTM：7.0618,N,4.3,全价：126.521 最后更新：15:00:00,,,如不考虑强赎期权价值为70.45元,0,"{'O': '', 'M': ''}",0,0,N,,,buy,buy
2026-07-06 11:47:46,113624,正川转债,zczz,138.54,-4.9,603976,正川股份,zcgf,27.31,-5.83,3.43,19.78,138.07,0,0.34,138.88,370503,医药生物,shmb,C,2021-06-01,[],0,0,buy,A+,,13.846,25.714,8.2,buy,2027-04-28,0.811,3.438,49097.07,26645.39,98.92,-21.02,,0,15:00:00,00,Y,N,1,1,Y,转股价下修1次，成功下修1次,2021-11-08 开始转股,计算使用0.9年期 评级为A+ 债参考YTM：4.1724,N,4.05,全价：138.540 最后更新：15:00:00,,,,1,[],0,0,N,,,buy,buy
2026-07-06 11:47:46,123188,水羊转债,syzz,154.279,-6.29,300740,水羊股份,sygf,20.65,-8.18,3.56,13.44,153.65,0,0.41,154.69,770202,美容护理,szcy,C,2023-04-25,[],0,0,buy,A+,,9.408,17.472,7.6,buy,2029-04-04,2.748,5.781,55750.94,70568.05,60.45,-9.09,,0,15:33:54,00,Y,N,0,0,Y,,2023-10-11 开始转股,计算使用2.8年期 评级为A+ 债参考YTM：4.6131,N,6.95,全价：154.279 最后更新：15:33:54,,,,0,{'M': ''},0,0,N,,,buy,buy
2026-07-06 11:47:46,113632,鹤21转债,h21zz,128.119,-3.9,603733,仙鹤股份,xhgf,23.3,-6.05,1.88,18.29,127.39,0,0.57,128.69,360103,轻工制造,shmb,C,2021-12-09,[],0,0,buy,AA,,12.803,23.777,7.3,buy,2027-11-17,1.367,12.755,33131.25,40763.83,19.95,-8.41,,0,14:59:54,00,Y,N,2,2,Y,转股价下修2次，成功下修2次,2022-05-23 开始转股,已公告要强赎，如不考虑强赎纯债价值为111.38元，计算使用1.4年期 评级为AA 债参考YTM：1.6044,N,20.5,全价：128.119 最后更新：14:59:54,,,如不考虑强赎期权价值为36.98元,1,"{'O': '', 'M': ''}",0,0,N,,,buy,buy
2026-07-06 11:47:46,127041,弘亚转债,hyzz,115.05,-0.72,002833,弘亚数控,hysk,18.7,-1.68,2.63,16.4,114.02,0,0.9,115.95,640209,机械设备,szmb,C,2021-08-10,[],0,0,buy,AA-,,11.48,21.32,9.6,buy,2026-07-12,0.016,5.248,21708.81,24176.32,35.92,-2.26,,0,15:34:24,00,Y,N,1,1,Y,转股价下修1次，成功下修1次,2022-01-17 开始转股,计算使用0.1年期 评级为AA- 债参考YTM：1.7234,N,6.0,全价：115.050 最后更新：15:34:24,,,,1,{'R': '到期\n最后交易日：2026-07-07\n最后转股日：2026-07-10\n债券到期日：2026-07-12\n到期赎回价：115.000元/张'},0,0,N,,,buy,buy
2026-07-06 11:47:46,110081,闻泰转债,wtzz,96.895,-1.86,600745,*ST闻泰,wtkj,17.55,-3.84,0.92,18.36,95.59,0,1.37,98.27,270102,电子,shmb,C,2021-08-20,[],0,0,buy,BBB+,,12.852,23.868,34.0,buy,2027-07-28,1.06,77.062,69501.48,91862.65,9.24,12.77,,0,14:59:59,00,Y,N,3,3,Y,转股价下修3次，成功下修3次,2022-02-07 开始转股,计算使用1.1年期 评级为BBB+ 债参考YTM：11.9379,N,86.0,全价：96.895 最后更新：14:59:59,,,,1,[],0,0,N,,,buy,buy
2026-07-06 11:47:46,127067,恒逸转2,hyz2,151.5,1.0,000703,恒逸石化,hysh,15.18,4.26,2.14,10.32,147.09,0,3.0,154.5,750301,石油石化,szmb,C,2022-08-18,[],0,0,buy,AA+,,7.224,13.416,5.2,buy,2028-07-21,2.044,29.944,50020.09,170441.58,10.87,-13.89,,0,15:33:54,00,Y,N,0,0,Y,,2023-01-30 开始转股,计算使用2.1年期 评级为AA+ 债参考YTM：1.6356,N,30.0,全价：151.500 最后更新：15:33:54,,,,0,"{'G': '本次（至2026年4月27日）不提前赎回，从2026年7月28日开始计算', 'M': ''}",0,0,N,,,buy,buy
2026-07-06 11:47:46,113707,科博转债,kbzz,100.0,0.0,603786,科博达,kbd,44.11,-0.38,3.09,45.56,96.82,189,3.29,103.29,280206,汽车,shmb,C,,[],0,0,buy,AA+,,31.892,59.228,8.4,buy,2032-07-02,5.995,14.91,0.0,17035.01,0.0,1.84,,0,,00,Y,N,0,0,Y,,未到转股期；2027-01-11 开始转股,计算使用6.0年期 评级为AA+ 债参考YTM：1.9456,N,14.91,待上市,,,,0,{'M': ''},0,0,N,,,buy,buy
2026-07-06 11:47:46,113039,嘉泽转债,jzzz,156.264,-2.67,601619,嘉泽新能,jzxn,4.35,-1.36,1.58,2.89,150.52,0,3.82,160.08,410107,公用事业,shmb,C,2020-09-17,[],0,0,buy,AA,,2.023,3.757,2.7,buy,2026-08-24,0.134,2.865,18283.91,17451.81,40.25,-230.15,,0,14:59:59,00,Y,N,0,0,Y,,2021-03-01 开始转股,计算使用0.2年期 评级为AA 债参考YTM：1.5241,N,13.0,全价：156.264 最后更新：14:59:59,,,,1,"{'G': '本次（2026年3月26日至2026年4月16日）不提前赎回，至到期日（2026年8月23日）均不行使赎回权利', 'M': ''}",0,0,N,,,buy,buy
2026-07-06 11:47:46,123213,天源转债,tyzz,298.99,2.45,301127,武汉天源,whty,20.45,1.39,4.0,7.14,286.42,0,4.39,303.38,760102,环保,szcy,C,2023-08-16,[],0,0,buy,AA-,,4.998,9.282,2.4,buy,2029-07-28,3.063,3.26,46489.77,67209.97,47.55,-26.89,,0,15:34:51,00,Y,N,0,0,N,2026-07-02 至 2026-07-09 期间暂停转股：权益分派,2024-02-05 开始转股;2026-07-02 至 2026-07-09 期间暂停转股：权益分派,计算使用3.1年期 评级为AA- 债参考YTM：2.3608,N,10.0,全价：298.990 最后更新：15:34:51,,,,0,"{'G': '本次（2026年3月13日至2026年4月2日）不提前赎回，自2026年10月2日后首个交易日重新计算', 'M': ''}",0,0,N,,,buy,buy
2026-07-06 11:47:46,118027,宏图转债,htzz,89.842,-4.38,688066,*ST航图,htht,11.2,-9.46,-2.58,13.12,85.37,0,5.24,95.08,710301,计算机,shkc,C,2022-12-22,[],0,0,buy,B-,,9.184,17.056,31.8,buy,2028-11-28,2.4,9.475,9789.36,10039.99,11.3,12.72,,0,14:59:59,00,Y,N,3,3,Y,转股价下修3次，成功下修3次,2023-06-02 开始转股,,N,10.088,全价：89.842 最后更新：14:59:59,,,,0,[],0,0,N,,,buy,buy
2026-07-06 11:47:46,123207,冠中转债,gzzz,247.395,-4.48,300948,冠中生态,gzst,24.44,-7.04,4.13,10.44,234.1,0,5.68,253.08,620307,建筑装饰,szcy,C,2023-08-09,[],0,0,buy,A-,,7.308,13.572,3.8,buy,2029-07-21,3.044,1.455,29147.87,14065.19,80.34,-21.52,,0,15:34:15,00,Y,N,1,1,Y,转股价下修1次，成功下修1次,2024-01-29 开始转股,计算使用3.1年期 评级为A- 债参考YTM：9.4118,N,4.0,全价：247.395 最后更新：15:34:15,,,,0,"{'G': '本次（2026年5月27日至2026年6月16日）不提前赎回，自2026年9月16日后首个交易日重新计算', 'M': ''}",0,0,N,,,buy,buy
2026-07-06 11:47:46,113681,镇洋转债,zyzz,137.706,2.7,603213,镇洋发展,zyfz,14.16,0.28,3.19,10.95,129.32,0,6.49,144.2,220202,基础化工,shmb,C,2024-01-17,[],0,0,buy,AA-,,7.665,14.235,8.7,buy,2029-12-29,3.485,5.477,15998.74,6265.66,21.53,-4.11,,0,14:59:59,00,Y,N,0,0,Y,,2024-07-05 开始转股,计算使用3.5年期 评级为AA- 债参考YTM：2.4153,N,6.6,全价：137.706 最后更新：14:59:59,,,,0,[],0,0,N,,,buy,buy
2026-07-06 11:47:46,123245,集智转债,jzzz,425.981,2.67,300553,集智股份,jzgf,72.18,0.18,9.43,18.06,399.67,0,6.58,432.56,640107,机械设备,szcy,C,2024-08-28,[],0,0,buy,A,,12.642,23.478,2.5,buy,2030-08-14,4.11,1.537,102297.95,29787.37,154.09,-26.81,,0,15:34:03,00,Y,N,0,0,Y,,2025-02-20 开始转股,计算使用4.2年期 评级为A 债参考YTM：7.1842,N,2.546,全价：425.981 最后更新：15:34:03,,,,0,{'G': '本次（2026年6月2日至2026年6月23日）不提前赎回，自2026年9月23日后首个交易日重新计算'},0,0,N,,,buy,buy
2026-07-06 11:47:46,123274,维科转债,wkzz,100.0,0.0,301499,维科精密,wkjm,33.17,-4.52,3.51,35.62,93.12,182,7.39,107.39,280206,汽车,szcy,C,,[],0,0,buy,A+,,24.934,46.306,55.0,buy,2032-06-25,5.975,6.3,0.0,24814.64,0.0,2.84,,0,,00,Y,N,0,0,Y,,未到转股期；2027-01-04 开始转股,计算使用6.0年期 评级为A+ 债参考YTM：5.7956,N,6.3,待上市,,,,0,{'M': ''},0,0,N,,,buy,buy
2026-07-06 11:47:46,113042,上银转债,syzz,117.002,0.11,601229,上海银行,shyh,9.05,1.46,0.49,8.35,108.38,0,7.95,124.95,480401,银行,shmb,C,2021-02-10,[],0,0,buy,AAA,,,10.855,15.5,buy,2027-01-25,0.556,199.775,26110.2,44141.68,1.12,-7.69,,0,14:59:52,00,Y,Y,0,0,Y,,2021-07-29 开始转股,计算使用0.6年期 评级为AAA 债参考YTM：1.4863,N,200.0,全价：117.002 最后更新：14:59:52,,,,0,{'M': ''},0,0,N,,,buy,buy
2026-07-06 11:47:46,128119,龙大转债,ldzz,81.96,20.0,002726,ST龙大,ldms,1.47,9.7,2.84,1.95,75.39,0,8.72,90.68,340401,食品饮料,szmb,C,2020-08-07,[],0,0,buy,CCC,,1.365,2.535,40.9,buy,2026-07-13,0.019,6.991,8773.56,839.87,15.34,2099.6,,0,15:34:09,00,Y,N,3,2,Y,转股价下修3次，成功下修2次,2021-01-18 开始转股,计算使用0.1年期 评级为CCC 债参考YTM：41.7559,N,9.5,全价：81.960 最后更新：15:34:09,,,,1,{'R': '到期\n最后交易日：2026-07-07\n最后转股日：2026-07-10\n债券到期日：2026-07-13\n到期赎回价：115.000元/张'},0,0,N,,,buy,buy
2026-07-06 11:47:46,123176,精测转2,jcz2,450.888,3.18,300567,精测电子,jcdz,266.57,1.0,16.85,64.51,413.22,0,9.11,460.0,640107,机械设备,szcy,C,2023-03-22,[],0,0,buy,AA-,,45.157,83.863,2.1,buy,2029-03-02,2.658,12.753,134468.6,253288.24,23.69,-40.5,,0,15:34:48,00,Y,N,0,0,Y,,2023-09-08 开始转股,计算使用2.7年期 评级为AA- 债参考YTM：2.2297,N,12.76,全价：450.888 最后更新：15:34:48,,,,0,"{'G': '本次（2025年12月23日至2026年1月14日）不提前赎回，自2026年7月14日后首个交易日重新计算', 'M': ''}",0,0,N,,,buy,buy
2026-07-06 11:47:46,113062,常银转债,cyzz,129.449,0.45,601128,常熟银行,csyh,6.14,3.02,0.68,5.25,116.95,0,10.69,140.14,480501,银行,shmb,C,2022-10-17,[],0,0,buy,AAA,,,6.825,26.8,buy,2028-09-15,2.197,59.994,16536.54,31473.64,2.13,-7.51,,0,14:59:34,00,Y,N,0,0,Y,,2023-03-21 开始转股,计算使用2.2年期 评级为AAA 债参考YTM：1.6118,N,60.0,全价：129.449 最后更新：14:59:34,,,,0,{'M': ''},0,0,N,,,buy,buy
2026-07-06 11:47:46,123243,严牌转债,ypzz,226.431,-0.82,301081,严牌股份,ypgf,14.76,-1.4,3.09,7.22,204.43,0,10.76,237.19,760201,环保,szcy,C,2024-07-26,[],0,0,buy,A+,,5.054,9.386,7.9,buy,2030-07-10,4.014,2.607,18356.63,6074.88,30.86,-15.09,,0,15:34:00,00,Y,N,0,0,Y,,2025-01-16 开始转股,计算使用4.1年期 评级为A+ 债参考YTM：4.8200,N,4.679,全价：226.431 最后更新：15:34:00,,,,0,"{'G': '本次（2026年5月6日至2026年5月26日）不提问赎回，以2026年8月26日后的首个交易日重新计算', 'M': ''}",0,0,N,,,buy,buy
2026-07-06 11:47:46,127096,泰坦转债,ttzz,692.0,-1.14,003036,泰坦股份,ttgf,81.4,-7.3,11.73,13.2,616.67,0,12.22,704.22,640206,机械设备,szmb,C,2023-11-15,[],0,0,buy,A,,9.24,17.16,1.6,buy,2029-10-25,3.307,2.875,124656.92,55027.86,61.94,-41.57,,0,15:34:42,00,Y,N,0,0,Y,,2024-05-06 开始转股,计算使用3.4年期 评级为A 债参考YTM：7.1117,N,2.955,全价：692.000 最后更新：15:34:42,,,,0,{'G': '本次（2026年6月12日至2026年7月3日）不提前赎回，以2026年10月3日后首个交易日起重新计算'},0,0,N,,,buy,buy
2026-07-06 11:47:46,110101,宝钛转债,btzz,100.0,0.0,600456,宝钛股份,btgf,27.5,-2.03,1.81,30.98,88.77,177,12.65,112.65,240504,有色金属,shmb,C,,[],0,0,buy,AAA,,21.686,40.274,26.6,buy,2032-06-23,5.97,35.0,0.0,19732.01,0.0,1.55,,0,,00,Y,N,0,0,Y,,未到转股期；2026-12-30 开始转股,计算使用6.0年期 评级为AAA 债参考YTM：1.8156,N,35.0,待上市,,,,0,{'M': ''},0,0,N,,,buy,buy
2026-07-06 11:47:46,118053,正帆转债,zfzz,210.394,-3.06,688596,正帆科技,zfkj,71.0,-8.28,5.58,38.35,185.14,0,13.64,224.03,640209,机械设备,shkc,C,2025-04-03,[],0,0,buy,AA,,26.845,49.855,5.0,buy,2031-03-18,4.701,10.409,139188.59,223755.05,63.73,-12.07,,0,15:00:00,00,Y,N,0,0,Y,,2025-09-24 开始转股,计算使用4.8年期 评级为AA 债参考YTM：2.0008,N,10.41,全价：210.394 最后更新：15:00:00,,,,0,{'M': ''},0,0,N,,,buy,buy
2026-07-06 11:47:46,113705,豪26转债,h26zz,100.0,0.0,603809,豪能股份,hngf,9.4,-4.28,2.29,10.74,87.52,169,14.26,114.26,280203,汽车,shmb,C,,[],0,0,buy,AA-,,6.444,13.962,20.8,buy,2032-06-14,5.945,18.0,0.0,23031.32,0.0,2.21,,0,,00,Y,N,0,0,Y,,未到转股期；2026-12-22 开始转股,计算使用6.0年期 评级为AA- 债参考YTM：3.4456,N,18.0,待上市,,,,0,{'M': ''},0,0,N,,,buy,buy
2026-07-06 11:47:46,127080,声迅转债,sxzz,287.499,-0.86,003004,声迅股份,sxgf,72.68,-0.18,8.48,28.94,251.14,0,14.48,301.98,710102,计算机,szmb,C,2023-02-10,[],0,0,buy,A,,20.258,37.622,5.6,buy,2028-12-30,2.488,2.793,33013.78,18759.9,40.78,-30.26,,0,15:33:57,00,Y,N,0,0,Y,,2023-07-07 开始转股,计算使用2.5年期 评级为A 债参考YTM：6.8518,N,2.8,全价：287.499 最后更新：15:33:57,,,,0,{'G': '本次（2026年5月8日至2026年5月29日）不提前赎回，以2026年8月31日重新计算'},0,0,N,,,buy,buy
2026-07-06 11:47:46,113605,大参转债,dszz,117.459,1.21,603233,大参林,dsl,17.2,0.88,2.49,16.86,102.02,0,15.14,132.6,370403,医药生物,shmb,C,2020-11-13,[],0,0,buy,AA,,11.802,21.918,7.2,buy,2026-10-22,0.296,14.045,7576.15,14049.09,4.61,-21.66,,0,14:59:45,00,Y,N,1,1,Y,转股价下修1次，成功下修1次,2021-04-28 开始转股,计算使用0.3年期 评级为AA 债参考YTM：1.5257,N,14.05,全价：117.459 最后更新：14:59:45,,,,1,{'M': ''},0,0,N,,,buy,buy
2026-07-06 11:47:46,123076,强力转债,qlzz,140.4,0.87,300429,强力新材,qlxc,15.46,-3.86,4.78,12.7,121.73,0,15.34,155.74,270601,电子,szcy,C,2020-12-04,[],0,0,buy,AA-,,8.89,16.51,5.3,buy,2026-11-19,0.373,3.401,10109.6,53662.18,21.43,-52.76,,0,15:34:24,00,Y,N,1,1,Y,转股价下修1次，成功下修1次,2021-05-25 开始转股,计算使用0.4年期 评级为AA- 债参考YTM：1.7548,N,8.5,全价：140.400 最后更新：15:34:24,,,,1,{'M': ''},0,0,N,,,buy,buy
2026-07-06 11:47:46,123241,欧通转债,otzz,1107.0,1.16,300870,欧陆通,olt,294.0,-0.64,16.98,30.8,954.55,0,15.97,1122.97,630306,电力设备,szcy,C,2024-07-26,[],0,0,buy,AA-,,21.56,40.04,0.6,buy,2030-07-05,4.0,2.605,129386.84,158744.42,44.61,-43.46,,0,15:34:03,00,Y,N,0,0,Y,,2025-01-13 开始转股,计算使用4.0年期 评级为AA- 债参考YTM：2.4470,N,6.445,全价：1107.000 最后更新：15:34:03,,,,0,"{'G': '本次（2026年4月14日至2026年5月7日）不提前赎回，自2026年8月7日后首个交易日重新计算', 'M': ''}",0,0,N,,,buy,buy
2026-07-06 11:47:46,123187,超达转债,cdzz,203.0,-1.75,301186,超达装备,cdzb,37.97,-2.84,2.67,21.77,174.41,0,16.39,219.39,280205,汽车,szcy,C,2023-04-25,[],0,0,buy,A,,15.239,28.301,5.5,buy,2029-04-04,2.748,2.242,7382.31,7173.12,16.15,-17.92,,0,15:34:45,00,Y,N,0,0,Y,,2023-10-11 开始转股,计算使用2.8年期 评级为A 债参考YTM：6.9631,N,4.69,全价：203.000 最后更新：15:34:45,,,,0,"{'G': '本次（2026年4月10日至2026年4月30日）不提前赎回，以2026年7月31日之后的首个交易日重新起算', 'M': ''}",0,0,N,,,buy,buy
2026-07-06 11:47:46,128134,鸿路转债,hlzz,122.8,1.14,002541,鸿路钢构,hlgg,18.71,2.24,1.28,17.77,105.29,0,16.63,139.43,620401,建筑装饰,szmb,C,2020-11-02,[],0,0,buy,AA,,12.439,23.101,16.9,buy,2026-10-09,0.26,15.726,8560.64,18151.97,4.43,-40.48,,0,15:34:12,00,Y,N,2,2,N,"转股价下修2次，成功下修2次
2026-07-01 至 2026-07-07 期间暂停转股：权益分派
转股价17.770生效日期2026-06-30",2021-04-15 开始转股;2026-07-01 至 2026-07-07 期间暂停转股：权益分派,计算使用0.3年期 评级为AA 债参考YTM：1.5257,N,18.8,全价：122.800 最后更新：15:34:12,,,,0,{'M': ''},0,0,N,,,buy,buy
2026-07-06 11:47:46,110076,华海转债,hhzz,119.078,1.64,600521,华海药业,hhyy,16.8,9.02,2.55,16.5,101.82,0,16.95,136.03,370102,医药生物,shmb,C,2020-11-25,[],0,0,buy,AA,,11.55,21.45,7.3,buy,2026-11-02,0.326,18.424,73770.94,169085.86,32.81,-23.39,,0,14:59:58,00,Y,N,1,1,Y,转股价下修1次，成功下修1次,2021-05-06 开始转股,计算使用0.4年期 评级为AA 债参考YTM：1.5346,N,18.426,全价：119.078 最后更新：14:59:58,,,,1,{'M': ''},0,0,N,,,buy,buy
2026-07-06 11:47:46,113056,重银转债,cyzz,126.481,1.18,601963,重庆银行,cqyh,10.24,3.23,0.56,9.5,107.79,0,17.34,143.82,480401,银行,shmb,C,2022-04-14,[],0,0,buy,AAA,,,12.35,55.5,buy,2028-03-23,1.715,115.622,19358.01,17638.53,1.33,-6.69,,0,14:59:33,00,Y,N,0,0,N,2026-06-30 至 2026-07-06 期间暂停转股：权益分派,2022-09-30 开始转股;2026-06-30 至 2026-07-06 期间暂停转股：权益分派,计算使用1.8年期 评级为AAA 债参考YTM：1.5756,N,130.0,全价：126.481 最后更新：14:59:33,,,,0,[],0,0,N,,,buy,buy
2026-07-06 11:47:46,113043,财通转债,ctzz,134.325,2.07,601108,XD财通证,ctzq,9.13,0.66,1.1,7.98,114.41,0,17.41,151.74,490101,非银金融,shmb,C,2020-12-28,[],0,0,buy,AAA,,,10.374,9.0,buy,2026-12-10,0.43,37.992,16609.95,72568.52,3.29,-49.34,,0,14:59:50,00,Y,Y,1,1,Y,转股价下修1次，成功下修1次,2021-06-16 开始转股,计算使用0.5年期 评级为AAA 债参考YTM：1.4749,N,38.0,全价：134.325 最后更新：14:59:50,,,,0,{'M': ''},0,0,N,,,buy,buy
2026-07-06 11:47:46,123247,万凯转债,wkzz,224.293,-1.11,301216,万凯新材,wkxc,21.57,-6.74,1.91,11.3,190.89,0,17.5,241.79,220501,基础化工,szcy,C,2024-09-05,[],0,0,buy,AA,,7.91,14.69,16.7,buy,2030-08-16,4.115,19.642,16839.56,34031.23,3.77,-15.27,,0,15:34:45,00,Y,N,0,0,N,2026-07-03 至 2026-07-09 期间暂停转股：权益分派,2025-02-24 开始转股;2026-07-03 至 2026-07-09 期间暂停转股：权益分派,计算使用4.2年期 评级为AA 债参考YTM：1.9301,N,27.0,全价：224.293 最后更新：15:34:45,,,,0,{'M': ''},0,0,N,,,buy,buy
2026-07-06 11:47:46,113058,友发转债,yfzz,132.859,0.42,601686,友发集团,yfjt,5.04,0.0,1.09,4.48,112.5,0,18.1,150.96,230403,钢铁,shmb,C,2022-04-26,[],0,0,buy,AA,,3.136,5.824,25.0,buy,2028-03-30,1.734,18.638,6551.22,2354.19,2.65,-8.63,,0,14:59:07,00,Y,N,2,2,Y,转股价下修2次，成功下修2次,2022-10-10 开始转股,计算使用1.8年期 评级为AA 债参考YTM：1.6610,N,20.0,全价：132.859 最后更新：14:59:07,,,,1,[],0,0,N,,,buy,buy
2026-07-06 11:47:46,113667,春23转债,c23zz,280.294,0.73,603890,春秋电子,cqdz,23.55,0.47,3.12,9.95,236.68,0,18.43,298.72,270504,电子,shmb,C,2023-04-11,[],0,0,buy,AA-,,6.965,12.935,5.4,buy,2029-03-17,2.699,5.697,57855.92,68830.6,36.21,-27.63,,0,14:59:59,00,Y,N,0,0,Y,,2023-09-25 开始转股,计算使用2.7年期 评级为AA- 债参考YTM：2.2297,N,5.7,全价：280.294 最后更新：14:59:59,,,,0,"{'G': '本次（2026年3月27日至2026年4月17日）不提前赎回，自2026年7月17日之后的首个交易日重新起算', 'M': ''}",0,0,N,,,buy,buy
2026-07-06 11:47:46,127030,盛虹转债,shzz,124.0,3.76,000301,东方盛虹,dfsh,13.81,10.04,2.56,13.21,104.54,0,18.61,142.61,750301,石油石化,szmb,C,2021-04-21,[],0,0,buy,AA+,,9.247,17.173,5.5,buy,2027-03-22,0.71,49.974,65842.16,158628.8,10.77,-18.18,,0,15:34:15,00,Y,N,0,0,Y,,2021-09-27 开始转股,计算使用0.8年期 评级为AA+ 债参考YTM：1.5332,N,50.0,全价：124.000 最后更新：15:34:15,,,,1,{'M': ''},0,0,N,,,buy,buy
2026-07-06 11:47:46,123091,长海转债,chzz,180.0,-5.93,300196,长海股份,chgf,22.68,-6.05,1.89,14.99,151.3,0,18.97,198.97,610202,建筑材料,szcy,C,2021-01-15,[],0,0,buy,AA,,10.493,19.487,9.8,buy,2026-12-23,0.466,5.482,51813.9,68544.81,51.19,-82.79,,0,15:34:27,00,Y,N,0,0,Y,,2021-06-29 开始转股,计算使用0.5年期 评级为AA 债参考YTM：1.5449,N,5.5,全价：180.000 最后更新：15:34:27,,,,1,{'G': '本次（2026年4月14日至2026年5月26日）不提前赎回，自2026年8月26日后的首个交易日重新计算'},0,0,N,,,buy,buy
2026-07-06 11:47:46,113631,皖天转债,wtzz,134.667,0.33,603689,皖天然气,wtrq,7.35,0.27,1.01,6.51,112.9,0,19.28,153.95,410301,公用事业,shmb,C,2021-12-10,[],0,0,buy,AA+,,4.557,8.463,15.5,buy,2027-11-08,1.343,5.958,6361.93,1778.35,7.92,-13.08,,0,14:59:53,00,Y,N,0,0,Y,,2022-05-12 开始转股,计算使用1.4年期 评级为AA+ 债参考YTM：1.5593,N,9.3,全价：134.667 最后更新：14:59:53,,,,1,[],0,0,N,,,buy,buy
2026-07-06 11:47:46,128128,齐翔转2,qxz2,111.679,0.54,002408,齐翔腾达,qxtd,5.01,1.21,1.3,5.37,93.3,0,19.7,131.38,750303,石油石化,szmb,C,2020-09-15,[],0,0,buy,AA,,3.759,6.981,4.9,buy,2026-08-20,0.123,6.792,3621.96,14059.97,4.78,-12.48,,0,15:34:27,00,Y,N,0,0,Y,,2021-02-26 开始转股,计算使用0.2年期 评级为AA 债参考YTM：1.5241,N,29.9,全价：111.679 最后更新：15:34:27,,,,1,{'M': ''},0,0,N,,,buy,buy
2026-07-06 11:47:46,118058,微导转债,wdzz,485.84,2.87,688147,微导纳米,wdnm,135.1,4.72,20.84,33.29,405.83,0,19.72,505.56,630505,电力设备,shkc,C,2025-08-27,[],0,0,buy,AA,,23.303,43.277,1.9,buy,2031-08-06,5.088,11.699,173145.56,181652.29,30.67,-25.03,,0,15:00:00,00,Y,N,0,0,Y,,2026-02-12 开始转股,计算使用5.1年期 评级为AA 债参考YTM：2.0373,N,11.7,全价：485.840 最后更新：15:00:00,,,,0,"{'G': '本次（2026年2月12日至2026年3月12日）不提前赎回，以2026年9月13日为首个交易日重新计算', 'M': ''}",0,0,N,,,buy,buy
2026-07-06 11:47:46,127084,柳工转2,lgz2,143.4,0.45,000528,柳工,lg,8.27,1.35,0.88,6.98,118.48,0,21.03,164.43,640601,机械设备,szmb,C,2023-04-20,[],0,0,buy,AAA,,4.886,9.074,14.7,buy,2029-03-27,2.726,24.809,13171.84,29186.9,3.7,-7.67,,0,15:34:48,00,Y,N,0,0,Y,,2023-10-09 开始转股,计算使用2.8年期 评级为AAA 债参考YTM：1.6352,N,30.0,全价：143.400 最后更新：15:34:48,,,,0,{'M': ''},0,0,N,,,buy,buy
2026-07-06 11:47:46,118035,国力转债,glzz,165.891,5.75,688103,国力电子,gldz,85.26,16.78,7.07,62.31,136.83,0,21.24,187.13,270401,电子,shkc,C,2023-07-06,[],0,0,buy,A+,,43.617,81.003,5.9,buy,2029-06-12,2.937,4.8,392388.75,75100.38,483.25,-11.02,,0,15:00:00,00,Y,N,0,0,Y,,2023-12-18 开始转股,计算使用3.0年期 评级为A+ 债参考YTM：4.6830,N,4.8,全价：165.891 最后更新：15:00:00,,,,0,{'M': ''},0,0,N,,,buy,buy
2026-07-06 11:47:46,113673,岱美转债,dmzz,211.232,-3.01,603730,岱美股份,dmgf,12.31,-5.31,5.27,7.12,172.89,0,22.17,233.4,280202,汽车,shmb,C,2023-08-10,[],0,0,buy,AA,,4.984,9.256,3.4,buy,2029-07-18,3.036,9.078,49424.96,48358.56,25.17,-18.16,,0,14:59:59,00,Y,N,1,1,Y,转股价下修1次，成功下修1次,2024-01-24 开始转股,计算使用3.1年期 评级为AA 债参考YTM：1.8038,N,9.079,全价：211.232 最后更新：14:59:59,,,,0,"{'G': '本次（2026年5月7日至2026年5月27日）不提前赎回，以2026年8月27日之后的首个交易日重新起算', 'M': ''}",0,0,N,,,buy,buy
2026-07-06 11:47:46,113051,节能转债,jnzz,132.126,-0.72,601016,节能风电,jnfd,3.6,-2.44,1.3,3.33,108.11,0,22.22,154.35,410107,公用事业,shmb,C,2021-07-22,[],0,0,buy,AAA,,2.331,4.329,12.2,buy,2027-06-21,0.959,26.519,13631.08,51734.3,3.87,-17.46,,0,14:59:52,00,Y,N,1,0,Y,转股价下修1次，成功下修0次,2021-12-27 开始转股,计算使用1.0年期 评级为AAA 债参考YTM：1.5050,N,30.0,全价：132.126 最后更新：14:59:52,,,,1,"{'G': '本次（2026年4月23日至2026年5月19日）不提前赎回，自2026年8月19日之后的首个交易日重新起算', 'M': ''}",0,0,N,,,buy,buy
2026-07-06 11:47:46,111025,圣泉转债,sqzz,100.0,0.0,605589,圣泉集团,sqjt,57.7,3.59,4.48,70.8,81.5,179,22.7,122.7,220504,基础化工,shmb,C,,[],0,0,buy,AA+,,49.56,92.04,5.1,buy,2032-06-24,5.973,25.0,0.0,306664.67,0.0,1.86,,0,,00,Y,N,0,0,Y,,未到转股期；2027-01-01 开始转股,计算使用6.0年期 评级为AA+ 债参考YTM：1.9456,N,25.0,待上市,,,,0,{'M': ''},0,0,N,,,buy,buy
2026-07-06 11:47:46,127103,东南转债,dnzz,146.981,0.68,002135,东南网架,dnwj,6.69,0.45,1.18,5.59,119.68,0,22.81,169.79,620401,建筑装饰,szmb,C,2024-01-24,[],0,0,buy,AA,,3.913,7.267,29.3,buy,2030-01-03,3.499,19.999,8839.69,10512.96,3.02,-7.54,,0,15:33:54,00,Y,N,0,0,Y,,2024-07-09 开始转股,计算使用3.5年期 评级为AA 债参考YTM：1.8491,N,20.0,全价：146.981 最后更新：15:33:54,,,,0,"{'G': '本次（2026年3月17日至2026年4月28日）不提前赎回，自2026年7月28日后首个交易日重新计算', 'M': ''}",0,0,N,,,buy,buy
2026-07-06 11:47:46,113046,金田转债,jtzz,137.398,0.86,601609,金田股份,jtgf,11.38,-0.44,1.92,10.18,111.79,0,22.91,160.31,240302,有色金属,shmb,C,2021-04-12,[],0,0,buy,AA+,,7.126,13.234,7.6,buy,2027-03-22,0.71,14.992,10769.97,60033.09,5.26,-28.1,,0,15:00:00,00,Y,N,0,0,Y,,2021-09-27 开始转股,计算使用0.8年期 评级为AA+ 债参考YTM：1.5332,N,15.0,全价：137.398 最后更新：15:00:00,,,,1,{'M': ''},0,0,N,,,buy,buy
2026-07-06 11:47:46,118016,京源转债,jyzz,175.206,6.05,688096,京源环保,jyhb,9.85,-0.81,2.75,6.91,142.55,0,22.91,198.12,760102,环保,shkc,C,2022-08-25,[],0,0,buy,A,,4.837,8.983,7.2,buy,2028-08-05,2.085,1.675,123580.57,29508.34,427.51,-17.14,,0,15:00:00,00,Y,N,0,0,Y,,2023-02-13 开始转股,计算使用2.1年期 评级为A 债参考YTM：6.7277,N,3.325,全价：175.206 最后更新：15:00:00,,,,0,"{'G': '本次（2026年5月11日至2026年5月29日）不提前赎回，以2026年8月30日（若为非交易日则顺延）为首个交易日重新计算', 'M': ''}",0,0,N,,,buy,buy
2026-07-06 11:47:46,128136,立讯转债,lxzz,138.4,-0.22,002475,立讯精密,lxjm,62.88,-2.42,5.18,55.86,112.57,0,22.95,161.35,270504,电子,szmb,C,2020-12-02,[],0,0,buy,AA+,,39.102,72.618,0.6,buy,2026-11-03,0.329,29.848,28053.56,821642.16,6.86,-67.38,,0,15:34:15,00,Y,N,0,0,Y,,2021-05-10 开始转股,计算使用0.4年期 评级为AA+ 债参考YTM：1.4946,N,30.0,全价：138.400 最后更新：15:34:15,,,,1,{'M': ''},0,0,N,,,buy,buy
2026-07-06 11:47:46,118069,爱科转债,akzz,100.0,0.0,688092,爱科科技,akkj,23.1,-0.86,2.87,28.53,80.97,164,23.51,123.51,640209,机械设备,shkc,C,,[],0,0,buy,AA-,,19.971,37.089,14.0,buy,2032-06-10,5.934,2.67,0.0,2315.07,0.0,2.79,,0,,00,Y,N,0,0,Y,,未到转股期；2026-12-17 开始转股,计算使用6.0年期 评级为AA- 债参考YTM：3.4456,N,2.67,待上市,,,,0,{'M': ''},0,0,N,,,buy,buy
2026-07-06 11:47:46,123160,泰福转债,tfzz,167.38,0.23,300992,泰福泵业,tfby,26.72,2.77,2.82,19.77,135.15,0,23.84,191.22,640106,机械设备,szcy,C,2022-10-25,[],0,0,buy,A,,13.839,25.701,11.1,buy,2028-09-28,2.233,2.315,8528.09,5650.06,21.96,-14.36,,0,15:34:39,00,Y,N,1,1,N,"转股价下修1次，成功下修1次
2026-07-02 至 2026-07-09 期间暂停转股：权益分派
转股价19.770生效日期2025-06-27",2023-04-11 开始转股;2026-07-02 至 2026-07-09 期间暂停转股：权益分派,计算使用2.3年期 评级为A 债参考YTM：6.7834,N,3.349,全价：167.380 最后更新：15:34:39,,,,0,"{'G': '本次（2026年5月6日至2026年5月26日）不提前赎回，自2026年8月31日后首个交易日重新计算', 'M': ''}",0,0,N,,,buy,buy
2026-07-06 11:47:46,113615,金诚转债,jczz,688.389,0.64,603979,金诚信,jcx,65.14,1.12,3.49,11.78,552.97,0,24.49,712.88,240302,有色金属,shmb,C,2021-01-14,[],0,0,buy,AA,,8.246,15.314,1.2,buy,2026-12-23,0.466,4.958,34947.59,58948.69,10.11,-180.84,,0,14:59:57,00,Y,N,0,0,N,2026-07-01 至 2026-07-08 期间暂停转股：权益分派,2021-06-29 开始转股;2026-07-01 至 2026-07-08 期间暂停转股：权益分派,计算使用0.5年期 评级为AA 债参考YTM：1.5449,N,10.0,全价：688.389 最后更新：14:59:57,,,,1,"{'G': '本次（2025年10月10日至2025年10月30日）不提前赎回，至2026年12月22日到期均不提前赎回', 'M': ''}",0,0,N,,,buy,buy
2026-07-06 11:47:46,123183,海顺转债,hszz,138.0,-2.13,300501,海顺新材,hsxc,12.89,-5.77,2.31,11.63,110.83,0,24.51,162.51,360206,轻工制造,szcy,C,2023-04-20,[],0,0,buy,AA-,,8.141,15.119,17.7,buy,2029-03-23,2.715,6.329,7013.16,9184.31,8.03,-5.54,,0,15:34:51,00,Y,N,2,0,Y,转股价下修2次，成功下修0次,2023-10-09 开始转股,计算使用2.8年期 评级为AA- 债参考YTM：2.2655,N,6.33,全价：138.000 最后更新：15:34:51,,,,0,[],0,0,N,,,buy,buy
2026-07-06 11:47:46,123118,惠城转债,hczz,719.0,-2.57,300779,惠城环保,hchb,59.28,0.02,7.8,10.33,573.86,0,25.29,744.29,760103,环保,szcy,C,2021-07-26,[],0,0,buy,A+,,7.231,13.429,0.5,buy,2027-07-07,1.003,0.654,171447.74,114300.29,350.61,-83.95,,0,15:34:30,00,Y,N,0,0,Y,,2022-01-13 开始转股,计算使用1.1年期 评级为A+ 债参考YTM：4.1821,N,3.2,全价：719.000 最后更新：15:34:30,,,,1,"{'G': '本次（2026年5月6日至2026年5月26日）不提前赎回，自2026年8月26日后首个交易日重新计算', 'M': ''}",0,0,N,,,buy,buy
2026-07-06 11:47:46,127092,运机转债,yjzz,258.8,-5.2,001288,运机集团,yjjt,24.58,-3.08,2.35,11.91,206.38,0,25.4,284.2,640203,机械设备,szmb,C,2023-10-20,[],0,0,buy,AA-,,8.337,15.483,14.1,buy,2029-09-21,3.214,5.25,17288.09,7173.26,12.54,-21.5,,0,15:34:36,00,Y,N,0,0,Y,,2024-03-27 开始转股,计算使用3.3年期 评级为AA- 债参考YTM：2.3970,N,7.3,全价：258.800 最后更新：15:34:36,,,,0,{'G': '本次（2025年12月8日至2025年12月26日）不提前赎回，以2026年12月26日后的首个交易日起重新计算'},0,0,N,,,buy,buy
2026-07-06 11:47:46,127040,国泰转债,gtzz,126.418,0.62,002091,江苏国泰,jsgt,7.4,-0.8,0.73,7.35,100.68,0,25.56,151.98,450201,商贸零售,szmb,C,2021-08-10,[],0,0,buy,AA+,,5.145,9.555,33.6,buy,2027-07-07,1.003,39.863,5320.74,8563.41,1.06,-13.34,,0,15:34:21,00,Y,N,0,0,Y,,2022-01-13 开始转股,计算使用1.1年期 评级为AA+ 债参考YTM：1.5372,N,45.574,全价：126.418 最后更新：15:34:21,,,,1,{'M': ''},0,0,N,,,buy,buy
2026-07-06 11:47:46,123171,共同转债,gtzz,136.088,-2.22,300966,共同药业,gtyy,29.39,-5.41,4.08,27.12,108.37,0,25.58,161.67,370101,医药生物,szcy,C,2022-12-16,[],0,0,buy,A-,,18.984,35.256,16.9,buy,2028-11-28,2.4,3.799,8722.75,27387.98,16.79,-5.45,,0,15:34:42,00,Y,N,0,0,N,2026-07-02 起暂停转股：权益分派,2023-06-02 开始转股;2026-07-02 起暂停转股：权益分派,计算使用2.4年期 评级为A- 债参考YTM：9.1665,N,3.8,全价：136.088 最后更新：15:34:42,,,,0,{'M': ''},0,0,N,,,buy,buy
2026-07-06 11:47:46,128127,文科转债,wkzz,113.687,0.2,002775,文科股份,wkgf,3.54,-4.07,40.69,3.92,90.31,0,25.89,139.58,620307,建筑装饰,szmb,C,2020-09-11,[],0,0,buy,BBB+,,2.744,5.096,37.4,buy,2026-08-20,0.123,7.681,3809.34,3326.25,4.36,9.58,,0,15:34:12,00,Y,N,2,2,Y,转股价下修2次，成功下修2次,2021-03-01 开始转股,计算使用0.2年期 评级为BBB+ 债参考YTM：11.7549,N,9.5,全价：113.687 最后更新：15:34:12,,,,1,[],0,0,N,,,buy,buy
2026-07-06 11:47:46,127110,广核转债,ghzz,133.756,0.34,003816,中国广核,zggh,3.89,0.0,1.56,3.67,106.0,0,26.19,159.95,410108,公用事业,szmb,C,2025-07-25,[],0,0,buy,AAA,,2.569,4.771,3.2,buy,2031-07-09,5.011,48.993,24700.25,36647.76,3.78,-3.85,,0,15:34:24,00,Y,N,0,0,N,2026-06-30 至 2026-07-09 期间暂停转股：权益分派,2026-01-15 开始转股;2026-06-30 至 2026-07-09 期间暂停转股：权益分派,计算使用5.1年期 评级为AAA 债参考YTM：1.7710,N,49.0,全价：133.756 最后更新：15:34:24,,,,0,{'M': ''},0,0,N,,,buy,buy
2026-07-06 11:47:46,110092,三房转债,sfzz,72.32,3.68,600370,*ST三房,sfx,1.73,4.85,1.34,3.02,57.29,0,26.25,98.57,220401,基础化工,shmb,C,2023-02-07,[],0,0,buy,A-,,2.114,3.926,30.4,buy,2029-01-06,2.507,21.185,121045.28,10663.78,77.88,20.07,,0,15:00:00,00,Y,N,0,0,Y,,2023-07-12 开始转股,计算使用2.6年期 评级为A- 债参考YTM：9.2386,N,25.0,全价：72.320 最后更新：15:00:00,,,,0,[],0,0,N,,,buy,buy
2026-07-06 11:47:46,113691,和邦转债,hbzz,147.268,0.71,603077,和邦生物,hbsw,2.33,0.0,1.14,2.0,116.5,0,26.41,173.68,220802,基础化工,shmb,C,2024-11-19,[],0,0,buy,AA,,1.4,2.6,22.3,buy,2030-10-28,4.315,45.991,12508.07,33677.03,1.84,-5.71,,0,14:59:59,00,Y,N,0,0,Y,,2025-05-06 开始转股,计算使用4.4年期 评级为AA 债参考YTM：1.9535,N,46.0,全价：147.268 最后更新：14:59:59,,,,0,"{'G': '本次（2026年1月22日至2026年3月10日）不提前赎回，以2027年3月10日之后的首个交易日重新起算', 'M': ''}",0,0,N,,,buy,buy
2026-07-06 11:47:46,113677,华懋转债,hmzz,346.893,-0.33,603306,华懋科技,hmkj,92.19,-2.93,8.74,33.66,273.89,0,26.66,373.55,280202,汽车,shmb,C,2023-10-12,[],0,0,buy,AA-,,23.562,43.758,3.5,buy,2029-09-14,3.195,10.489,35999.5,95396.81,9.94,-29.36,,0,14:59:58,00,Y,N,0,0,Y,,2024-03-20 开始转股,计算使用3.2年期 评级为AA- 债参考YTM：2.3817,N,10.5,全价：346.893 最后更新：14:59:58,,,,0,{'M': ''},0,0,N,,,buy,buy
2026-07-06 11:47:46,123211,阳谷转债,ygzz,177.48,-5.03,300121,阳谷华泰,yght,12.88,-4.87,1.56,9.2,140.0,0,26.77,204.25,220604,基础化工,szcy,C,2023-08-14,[],0,0,buy,AA-,,6.44,11.96,5.6,buy,2029-07-27,3.06,3.07,29669.79,46645.55,54.02,-12.36,,0,15:34:51,00,Y,N,0,0,Y,,2024-02-02 开始转股,计算使用3.1年期 评级为AA- 债参考YTM：2.3608,N,6.5,全价：177.480 最后更新：15:34:51,,,,0,{'G': '本次（2025年12月15日至2026年1月6日）不提前赎回，2026年7月6日后首个交易日重新计算'},0,0,N,,,buy,buy
2026-07-06 11:47:46,118044,赛特转债,stzz,166.848,-2.15,688398,赛特新材,stxc,24.7,-1.83,3.62,18.85,131.03,0,27.33,194.18,220309,基础化工,shkc,C,2023-10-12,[],0,0,buy,A+,,13.195,24.505,10.7,buy,2029-09-11,3.186,4.42,6831.61,5942.01,9.23,-10.66,,0,14:59:59,00,Y,N,1,1,Y,转股价下修1次，成功下修1次,2024-03-15 开始转股,计算使用3.2年期 评级为A+ 债参考YTM：4.7337,N,4.42,全价：166.848 最后更新：14:59:59,,,,0,"{'G': '本次（2026年3月10日至2026年4月20日）不提前赎回，以2026年10月21日起算', 'M': ''}",0,0,N,,,buy,buy
2026-07-06 11:47:46,111012,福新转债,fxzz,376.979,-3.11,605488,福莱新材,flxc,32.66,-6.36,4.32,11.07,295.03,0,27.78,404.76,220505,基础化工,shmb,C,2023-02-07,[],0,0,buy,A+,,7.749,14.391,1.1,buy,2029-01-04,2.501,1.017,80432.63,60281.41,209.45,-37.33,,0,15:00:00,00,Y,N,0,0,Y,,2023-07-10 开始转股,计算使用2.6年期 评级为A+ 债参考YTM：4.5386,N,4.29,全价：376.979 最后更新：15:00:00,,,,0,[],0,0,N,,,buy,buy
2026-07-06 11:47:46,111000,起帆转债,qfzz,167.918,-7.6,605222,起帆电缆,qfdl,22.7,-9.99,1.94,17.29,131.29,0,27.9,195.82,630805,电力设备,shmb,C,2021-06-17,[],0,0,buy,AA-,,12.103,22.477,10.7,buy,2027-05-24,0.882,9.991,47989.56,56575.86,27.58,-35.72,,0,15:00:00,00,Y,N,1,1,Y,转股价下修1次，成功下修1次,2021-11-29 开始转股,计算使用0.9年期 评级为AA- 债参考YTM：1.8259,N,10.0,全价：167.918 最后更新：15:00:00,,,,1,{'G': '本次（2026年3月13日至2026年4月20日）不提前赎回，以2026年10月21日为首个交易日重新起算'},0,0,N,,,buy,buy
2026-07-06 11:47:46,123258,胜蓝转02,slz2,354.201,4.48,300843,胜蓝股份,slgf,150.36,-0.73,14.93,54.36,276.6,0,28.06,382.26,270504,电子,szcy,C,2025-09-10,[],0,0,buy,AA-,,38.052,70.668,1.9,buy,2031-08-28,5.148,4.498,122928.59,113392.41,77.9,-19.48,,0,15:34:36,00,Y,N,0,0,Y,,2026-03-03 开始转股,计算使用5.2年期 评级为AA- 债参考YTM：2.7079,N,4.5,全价：354.201 最后更新：15:34:36,,,,0,{'G': '本次（2026年4月22日至2026年5月19日）不提前赎回，自2026年8月19日后首个交易日重新计算'},0,0,N,,,buy,buy
2026-07-06 11:47:46,123209,聚隆转债,jlzz,182.399,-2.53,300644,南京聚隆,njjl,24.91,-2.5,2.46,17.52,142.18,0,28.29,210.69,220503,基础化工,szcy,C,2023-08-17,[],0,0,buy,A+,,12.264,22.776,7.6,buy,2029-07-26,3.058,1.672,9140.28,7528.32,29.75,-13.55,,0,15:34:36,00,Y,N,0,0,Y,,2024-02-01 开始转股,计算使用3.1年期 评级为A+ 债参考YTM：4.7118,N,2.185,全价：182.399 最后更新：15:34:36,,,,0,{'G': '本次（2026年1月26日至2026年2月13日）不提前赎回，自2026年8月13日后首个交易日重新计算'},0,0,N,,,buy,buy
2026-07-06 11:47:46,111002,特纸转债,tzzz,143.842,0.11,605007,五洲特纸,wztz,15.07,1.21,1.91,13.49,111.71,0,28.76,172.6,360103,轻工制造,shmb,C,2021-12-30,[],0,0,buy,AA,,9.443,17.537,9.3,buy,2027-12-08,1.425,6.619,7477.53,9335.56,7.85,-15.34,,0,14:59:47,00,Y,N,1,1,Y,转股价下修1次，成功下修1次,2022-06-14 开始转股,计算使用1.5年期 评级为AA 债参考YTM：1.6176,N,6.7,全价：143.842 最后更新：14:59:47,,,,1,[],0,0,N,,,buy,buy
2026-07-06 11:47:46,127078,优彩转债,yczz,148.3,-0.47,002998,优彩资源,yczy,7.26,-2.68,1.42,6.31,115.06,0,28.89,177.19,220401,基础化工,szmb,C,2023-01-09,[],0,0,buy,A+,,4.417,8.203,21.2,buy,2028-12-14,2.444,4.158,9418.3,18720.9,15.21,-8.69,,0,15:34:24,00,Y,N,0,0,Y,,2023-06-20 开始转股,计算使用2.5年期 评级为A+ 债参考YTM：4.5018,N,6.0,全价：148.300 最后更新：15:34:24,,,,0,[],0,0,N,,,buy,buy
2026-07-06 11:47:46,123124,晶瑞转2,jrz2,148.815,-0.38,300655,晶瑞电材,jrdc,18.27,-4.69,7.71,15.88,115.05,0,29.35,178.17,270601,电子,szcy,C,2021-09-07,[],0,0,buy,A+,,11.116,20.644,2.5,buy,2027-08-16,1.112,5.224,17903.58,218988.57,23.07,-24.82,,1,15:34:39,00,Y,N,0,0,Y,,2022-02-21 开始转股,计算使用1.2年期 评级为A+ 债参考YTM：4.1938,N,5.23,全价：148.815 最后更新：15:34:39,,,,1,{'M': ''},0,0,N,,23年6月前不下修,buy,buy
2026-07-06 11:47:46,118051,皓元转债,hyzz,297.254,1.94,688131,皓元医药,hyyy,92.27,0.3,6.13,40.37,228.56,0,30.05,327.3,370603,医药生物,shkc,C,2024-12-19,[],0,0,buy,AA-,,28.259,52.481,4.2,buy,2030-11-28,4.4,8.218,233609.04,82284.17,93.26,-19.32,,0,15:00:00,00,Y,N,0,0,N,2026-07-02 至 2026-07-10 期间暂停转股：权益分派,2025-06-04 开始转股;2026-07-02 至 2026-07-10 期间暂停转股：权益分派,计算使用4.4年期 评级为AA- 债参考YTM：2.5063,N,8.223,全价：297.254 最后更新：15:00:00,,,,0,"{'G': '本次（2026年5月20日至2026年6月9日）不提前赎回，以2026年10月12日为首个交易日重新计算', 'M': ''}",0,0,N,,,buy,buy
2026-07-06 11:47:46,113680,丽岛转债,ldzz,147.009,-0.04,603937,丽岛新材,ldxc,14.59,-0.68,1.93,12.91,113.01,0,30.08,177.09,240301,有色金属,shmb,C,2023-12-05,[],0,0,buy,A+,,9.037,16.783,9.8,buy,2029-11-15,3.364,2.998,4308.99,11238.89,9.78,-5.91,,0,14:59:35,00,Y,N,0,0,Y,,2024-05-21 开始转股,计算使用3.4年期 评级为A+ 债参考YTM：4.7617,N,3.0,全价：147.009 最后更新：14:59:35,,,,0,[],0,0,N,,,buy,buy
2026-07-06 11:47:46,118030,睿创转债,rczz,500.684,-0.81,688002,睿创微纳,rcwn,149.78,-1.38,9.63,38.94,384.64,0,30.17,530.85,650501,国防军工,shkc,C,2023-02-10,[],0,0,buy,AA,,27.258,50.622,1.8,buy,2028-12-30,2.488,12.622,40412.24,162300.96,6.33,-45.38,,0,14:59:57,00,Y,N,0,0,N,2026-06-30 至 2026-07-07 期间暂停转股：权益分派,2023-07-06 开始转股;2026-06-30 至 2026-07-07 期间暂停转股：权益分派,计算使用2.5年期 评级为AA 债参考YTM：1.7406,N,15.647,全价：500.684 最后更新：14:59:57,,,,0,"{'G': '本次（2026年3月18日至2026年4月8日）不提前赎回，以2027年4月9日为首个交易日重新计算', 'M': ''}",0,0,N,,,buy,buy
2026-07-06 11:47:46,123216,科顺转债,kszz,129.141,-0.61,300737,科顺股份,ksgf,6.54,-2.68,1.8,6.61,98.94,0,30.52,159.66,610304,建筑材料,szcy,C,2023-08-23,[],0,0,buy,AA-,,4.627,8.593,37.8,buy,2029-08-04,3.082,21.959,12092.2,22019.11,4.26,-2.59,,0,15:34:21,00,Y,N,2,1,Y,转股价下修2次，成功下修1次,2024-02-19 开始转股,计算使用3.1年期 评级为AA- 债参考YTM：2.3608,N,21.98,全价：129.141 最后更新：15:34:21,,,,0,{'M': ''},0,0,N,,,buy,buy
2026-07-06 11:47:46,123225,翔丰转债,xfzz,150.2,-1.16,300890,翔丰华,xfh,31.41,-4.5,1.65,27.34,114.89,0,30.74,180.94,630702,电力设备,szcy,C,2023-10-26,[],0,0,buy,AA-,,19.138,35.542,16.3,buy,2029-10-10,3.266,5.585,6423.64,18098.56,7.58,-6.17,,0,15:33:54,00,Y,N,1,1,Y,转股价下修1次，成功下修1次,2024-04-16 开始转股,计算使用3.3年期 评级为AA- 债参考YTM：2.3970,N,8.0,全价：150.200 最后更新：15:33:54,,,,0,"{'G': '本次（2026年4月22日至2026年5月15日）不提前赎回，自2026年8月15日后首个交易日重新计算', 'M': ''}",0,0,N,,,buy,buy
2026-07-06 11:47:46,110098,南药转债,nyzz,136.591,0.64,600713,南京医药,njyy,5.17,1.37,0.92,4.95,104.44,0,30.78,167.37,370402,医药生物,shmb,C,2025-01-20,[],0,0,buy,AA+,,3.465,6.435,16.2,buy,2030-12-25,4.474,10.814,4612.6,7089.44,3.13,-4.35,,0,14:59:40,00,Y,N,0,0,Y,,2025-07-01 开始转股,计算使用4.5年期 评级为AA+ 债参考YTM：1.8003,N,10.815,全价：136.591 最后更新：14:59:40,,,,0,[],0,0,N,,,buy,buy
2026-07-06 11:47:46,127037,银轮转债,ylzz,703.0,0.89,002126,银轮股份,ylgf,55.2,3.74,6.19,10.27,537.49,0,30.79,733.79,280203,汽车,szmb,C,2021-07-09,[],0,0,buy,AA,,7.189,13.351,1.1,buy,2027-06-07,0.921,5.055,104822.05,389296.91,28.77,-91.64,,0,15:34:03,00,Y,N,0,0,Y,,2021-12-13 开始转股,计算使用1.0年期 评级为AA 债参考YTM：1.5750,N,7.0,全价：703.000 最后更新：15:34:03,,,,1,"{'G': '本次（2026年5月27日至2026年6月16日）不提前赎回，2027年5月16日后首个交易日重新计算', 'M': ''}",0,0,N,,,buy,buy
2026-07-06 11:47:46,127070,大中转债,dzzz,379.0,-3.99,001203,大中矿业,dzky,30.5,-3.36,6.25,10.56,288.83,0,31.22,410.22,230301,钢铁,szmb,C,2022-10-11,[],0,0,buy,AA,,7.392,13.728,2.3,buy,2028-08-17,2.118,9.342,98687.03,83733.24,27.02,-43.45,,0,15:34:21,00,Y,N,0,0,Y,,2023-02-23 开始转股,计算使用2.2年期 评级为AA 债参考YTM：1.7087,N,15.2,全价：379.000 最后更新：15:34:21,,,,0,"{'G': '本次（2026年2月24日至2026年3月16日）不提前赎回，以2026年9月16日后的首个交易日重新计算', 'M': ''}",0,0,N,,,buy,buy
2026-07-06 11:47:46,118072,鼎通转债,dtzz,100.0,0.0,688668,鼎通科技,dtkj,322.3,-0.16,21.82,423.54,76.1,177,31.41,131.41,730204,通信,shkc,C,,[],0,0,buy,A+,,296.478,550.602,2.1,buy,2032-06-23,5.97,9.3,0.0,164720.89,0.0,2.84,,0,,00,Y,N,0,0,Y,,未到转股期；2026-12-30 开始转股,计算使用6.0年期 评级为A+ 债参考YTM：5.7956,N,9.3,待上市,,,,0,{'M': ''},0,0,N,,,buy,buy
2026-07-06 11:47:46,113597,佳力转债,jlzz,117.95,-0.18,603912,佳力图,jlt,7.78,1.04,2.39,8.68,89.63,0,31.59,149.54,640105,机械设备,shmb,C,2020-08-21,[],0,0,buy,AA-,,6.076,11.284,7.0,buy,2026-07-30,0.066,2.967,6027.54,14620.43,17.21,0.67,,0,14:59:59,00,Y,N,1,1,Y,转股价下修1次，成功下修1次,2021-02-05 开始转股,计算使用0.1年期 评级为AA- 债参考YTM：1.7234,N,3.0,全价：117.950 最后更新：14:59:59,,,,1,{'R': '到期\n最后交易日：2026-07-24\n最后转股日：2026-07-29\n债券到期日：2026-07-30\n到期赎回价：118.000元/张'},0,0,N,,,buy,buy
2026-07-06 11:47:46,113610,灵康转债,lkzz,121.218,0.29,603669,灵康药业,lkyy,5.97,-2.45,6.82,6.5,91.85,0,31.98,153.2,370102,医药生物,shmb,C,2020-12-22,[],0,0,buy,A-,,4.55,8.45,5.9,buy,2026-12-01,0.406,2.53,3405.26,23246.4,11.12,-12.74,,0,14:59:53,00,Y,N,2,2,Y,转股价下修2次，成功下修2次,2021-06-07 开始转股,计算使用0.5年期 评级为A- 债参考YTM：8.8149,N,5.25,全价：121.218 最后更新：14:59:53,,,,1,[],0,0,N,,,buy,buy
2026-07-06 11:47:46,118050,航宇转债,hyzz,312.877,-5.19,688239,航宇科技,hykj,58.8,-5.45,5.46,24.81,237.0,0,32.01,344.89,650201,国防军工,shkc,C,2024-09-10,[],0,0,buy,AA-,,17.367,32.253,5.9,buy,2030-08-21,4.129,6.597,37152.07,52829.83,17.48,-21.04,,0,14:59:56,00,Y,N,0,0,Y,,2025-02-27 开始转股,计算使用4.2年期 评级为AA- 债参考YTM：2.4737,N,6.67,全价：312.877 最后更新：14:59:56,,,,0,"{'G': '本次（2026年5月28日至2026年6月17日）不提前赎回，自2026年9月18日为首个交易日重新计算', 'M': ''}",0,0,N,,,buy,buy
2026-07-06 11:47:46,123149,通裕转债,tyzz,136.0,0.36,300185,通裕重工,tyzg,2.79,-2.79,1.55,2.71,102.95,0,32.1,168.1,630602,电力设备,szcy,C,2022-07-15,[],0,0,buy,AA,,1.897,3.523,10.3,buy,2028-06-20,1.959,11.069,7311.66,25138.4,4.88,-8.77,,0,15:34:39,00,Y,N,0,0,Y,,2022-12-26 开始转股,计算使用2.0年期 评级为AA 债参考YTM：1.6868,N,14.847,全价：136.000 最后更新：15:34:39,,,,1,{'M': ''},0,0,N,,,buy,buy
2026-07-06 11:47:46,110075,南航转债,nhzz,112.2,0.23,600029,南方航空,nfhk,5.23,0.38,2.56,6.17,84.77,0,32.37,144.57,421001,交通运输,shmb,C,2020-11-03,[],0,0,buy,AAA,,4.319,8.021,8.4,buy,2026-10-15,0.277,58.959,13291.01,53709.57,2.01,-18.54,,0,14:59:32,00,Y,N,0,0,Y,,2021-04-21 开始转股,计算使用0.3年期 评级为AAA 债参考YTM：1.4557,N,160.0,全价：112.200 最后更新：14:59:32,,,,1,{'M': ''},0,0,N,,,buy,buy
2026-07-06 11:47:46,127055,精装转债,jzzz,240.3,11.71,002989,中天精装,ztjz,33.52,10.01,4.71,18.5,181.19,0,32.62,272.92,620201,建筑装饰,szmb,C,2022-03-24,[],0,0,buy,AA-,,12.95,24.05,3.1,buy,2028-02-22,1.633,2.081,240159.79,17181.56,486.69,-35.94,,0,15:34:30,00,Y,N,0,0,Y,,2022-08-29 开始转股,计算使用1.7年期 评级为AA- 债参考YTM：1.9567,N,5.77,全价：240.300 最后更新：15:34:30,,,,1,{'G': '本次（2026年2月24日至2026年3月16日）不提前赎回，自2027年3月16日后首个交易日重新计算'},0,0,N,,,buy,buy
2026-07-06 11:47:46,123158,宙邦转债,zbzz,279.796,-1.83,300037,新宙邦,xzb,85.13,-4.31,5.72,40.49,210.25,0,33.08,312.88,630702,电力设备,szcy,C,2022-10-21,[],0,0,buy,AA,,28.343,52.637,3.9,buy,2028-09-26,2.227,18.046,49198.84,301153.42,9.5,-33.78,,0,15:34:36,00,Y,N,0,0,Y,,2023-03-30 开始转股,计算使用2.3年期 评级为AA 债参考YTM：1.7194,N,19.7,全价：279.796 最后更新：15:34:36,,,,0,"{'G': '本次（2025年12月25日至2026年1月22日）不提前赎回，自2026年7月22日后首个交易日重新计算', 'M': ''}",0,0,N,,,buy,buy
2026-07-06 11:47:46,113697,应流转债,ylzz,273.933,0.44,603308,应流股份,ylgf,62.71,3.18,8.22,30.47,205.81,0,33.1,307.03,640108,机械设备,shmb,C,2025-10-22,[],0,0,buy,AA+,,21.329,39.611,3.5,buy,2031-09-19,5.208,14.995,68670.72,164269.82,16.46,-15.86,,0,15:00:00,00,Y,N,0,0,N,2026-07-03 至 2026-07-09 期间暂停转股：权益分派,2026-03-25 开始转股;2026-07-03 至 2026-07-09 期间暂停转股：权益分派,计算使用5.3年期 评级为AA+ 债参考YTM：1.8826,N,15.0,全价：273.933 最后更新：15:00:00,,,,0,"{'G': '本次（2026年3月25日至2026年4月15日）不提前赎回，2026年7月15日之后的首个交易日重新起算', 'M': ''}",0,0,N,,,buy,buy
2026-07-06 11:47:46,113703,翔26转债,x26zz,100.0,0.0,603112,华翔股份,hxgf,16.47,-4.85,1.97,21.94,75.07,161,33.21,133.21,330601,家用电器,shmb,C,2026-07-07,[],0,0,buy,AA-,,15.358,28.522,14.8,buy,2032-06-07,5.926,13.01,0.0,15858.15,0.0,2.52,,0,,00,Y,N,0,0,Y,,未到转股期；2026-12-14 开始转股,计算使用6.0年期 评级为AA- 债参考YTM：3.4456,N,13.01,待上市,,,,0,[],0,0,N,,,buy,buy
2026-07-06 11:47:46,123150,九强转债,jqzz,134.7,0.86,300406,九强生物,jqsw,11.73,1.65,1.77,11.6,101.12,0,33.21,167.91,370504,医药生物,szcy,C,2022-07-20,[],0,0,buy,AA-,,8.12,15.08,22.5,buy,2028-06-30,1.986,11.21,5090.72,6170.31,3.38,-8.85,,0,15:34:33,00,Y,N,1,1,Y,转股价下修1次，成功下修1次,2023-01-06 开始转股,计算使用2.0年期 评级为AA- 债参考YTM：2.0168,N,11.39,全价：134.700 最后更新：15:34:33,,,,1,{'M': ''},0,0,N,,,buy,buy
2026-07-06 11:47:46,118062,天准转债,tzzz,252.816,-5.65,688003,天准科技,tzkj,104.5,-5.77,10.13,55.13,189.55,0,33.38,286.2,640704,机械设备,shkc,C,2025-12-31,[],0,0,buy,AA-,,38.591,66.156,4.3,buy,2031-12-12,5.438,8.719,79462.67,75179.2,35.56,-13.53,,0,14:59:59,00,Y,N,0,0,Y,,2026-06-18 开始转股,计算使用5.5年期 评级为AA- 债参考YTM：2.9947,N,8.72,全价：252.816 最后更新：14:59:59,,,,0,"{'M': '', 'EX': '债券持有人青一投资、宁波准智等大宗减持13.27% 2026年07月03日公告\n债券持有人青一投资、宁波准智等大宗减持13.65% 2026年06月27日公告'}",0,0,N,120%,,buy,buy
2026-07-06 11:47:46,127047,帝欧转债,dozz,142.847,-0.8,002798,帝欧水华,dosh,5.44,-4.23,1.73,5.1,106.67,0,33.92,176.77,360306,轻工制造,szmb,C,2021-11-26,[],0,0,buy,BBB+,,3.57,6.63,16.6,buy,2027-10-25,1.304,4.654,6292.04,10458.03,9.4,-14.35,,0,15:34:09,00,Y,N,1,1,Y,转股价下修1次，成功下修1次,2022-04-29 开始转股,计算使用1.4年期 评级为BBB+ 债参考YTM：12.0205,N,15.0,全价：142.847 最后更新：15:34:09,,,,1,{'G': '本次（2026年4月15日至2026年5月8日）不提前赎回，以2026年8月8日后首个交易日起重新计算'},0,0,N,,,buy,buy
2026-07-06 11:47:46,118056,路维转债,lwzz,347.963,3.38,688401,路维光电,lwgd,83.85,-1.9,9.37,32.3,259.6,0,34.04,382.0,270103,电子,shkc,C,2025-07-10,[],0,0,buy,AA-,,22.61,41.99,3.8,buy,2031-06-11,4.934,6.145,62471.09,72311.73,29.74,-20.18,,0,14:59:59,00,Y,N,0,0,Y,,2025-12-17 开始转股,计算使用5.0年期 评级为AA- 债参考YTM：2.6144,N,6.15,全价：347.963 最后更新：14:59:59,,,,0,"{'G': '本次（2026年4月9日至2026年4月29日）不提前赎回，以2026年7月30日为首个交易日重新计算', 'M': ''}",0,0,N,,,buy,buy
2026-07-06 11:47:46,127027,能化转债,nhzz,113.948,0.62,000552,甘肃能化,gsnh,2.49,5.51,0.8,2.93,84.98,0,34.08,148.03,740101,煤炭,szmb,C,2021-01-22,[],0,0,buy,AAA,,2.051,3.809,21.0,buy,2026-12-10,0.43,19.464,7776.92,22089.19,3.5,-8.11,,0,15:34:21,00,Y,N,0,0,Y,,2021-06-16 开始转股,计算使用0.5年期 评级为AAA 债参考YTM：1.4749,N,28.0,全价：113.948 最后更新：15:34:21,,,,1,{'M': ''},0,0,N,,,buy,buy
2026-07-06 11:47:46,110099,福能转债,fnzz,144.485,-0.37,600483,福能股份,fngf,10.6,0.66,1.05,9.84,107.72,0,34.13,178.62,410110,公用事业,shmb,C,2025-10-30,[],0,0,buy,AA+,,6.888,12.792,12.9,buy,2031-10-13,5.274,38.019,10965.88,25349.99,1.99,-5.05,,0,14:59:57,00,Y,N,0,0,Y,,2026-04-17 开始转股,计算使用5.3年期 评级为AA+ 债参考YTM：1.8826,N,38.02,全价：144.485 最后更新：14:59:57,,,,0,{'M': ''},0,0,N,,,buy,buy
2026-07-06 11:47:46,127034,绿茵转债,lyzz,127.5,1.7,002887,绿茵生态,lyst,10.64,-1.12,1.33,11.21,94.92,0,34.33,161.83,760104,环保,szmb,C,2021-05-28,[],0,0,buy,AA-,,7.847,14.573,18.5,buy,2027-04-30,0.816,4.279,7795.77,4528.87,14.43,-13.98,,0,15:34:09,00,Y,N,0,0,Y,,2021-11-11 开始转股,计算使用0.9年期 评级为AA- 债参考YTM：1.8259,N,7.12,全价：127.500 最后更新：15:34:09,,,,1,[],0,0,N,,,buy,buy
2026-07-06 11:47:46,113661,福22转债,f22zz,139.4,-0.24,603806,福斯特,fst,15.03,-4.63,2.35,14.59,103.02,0,35.32,174.72,630504,电力设备,shmb,C,2022-12-22,[],0,0,buy,AA,,10.213,18.967,7.7,buy,2028-11-22,2.384,30.297,13362.32,60569.24,3.17,-8.47,,0,14:59:52,00,Y,N,1,1,Y,转股价下修1次，成功下修1次,2023-05-29 开始转股,计算使用2.4年期 评级为AA 债参考YTM：1.7301,N,30.3,全价：139.400 最后更新：14:59:52,,,,0,{'M': ''},0,0,N,,,buy,buy
2026-07-06 11:47:46,123107,温氏转债,wszz,115.559,1.79,300498,温氏股份,wsgf,13.73,5.13,2.26,16.09,85.33,0,35.42,150.98,110702,农林牧渔,szcy,C,2021-04-21,[],0,0,buy,AAA,,11.263,20.917,9.4,buy,2027-03-29,0.729,77.063,20855.28,119154.76,2.35,-8.98,,0,15:34:30,00,Y,N,0,0,Y,,2021-10-08 开始转股,计算使用0.8年期 评级为AAA 债参考YTM：1.5032,N,92.97,全价：115.559 最后更新：15:34:30,,,,1,{'M': ''},0,0,N,,,buy,buy
2026-07-06 11:47:46,113695,华辰转债,hczz,149.526,0.08,603097,江苏华辰,jshc,18.38,-1.55,3.72,16.68,110.19,0,35.7,185.23,630801,电力设备,shmb,C,2025-07-10,[],0,0,buy,A+,,11.676,21.684,11.1,buy,2031-06-20,4.959,4.597,6733.54,6189.36,9.78,-4.62,,0,14:59:54,00,Y,N,0,0,Y,,2025-12-26 开始转股,计算使用5.0年期 评级为A+ 债参考YTM：4.9644,N,4.6,全价：149.526 最后更新：14:59:54,,,,0,[],0,0,N,,,buy,buy
2026-07-06 11:47:46,123059,银信转债,yxzz,117.87,-0.03,300231,银信科技,yxkj,7.8,-2.13,2.07,9.0,86.67,0,36.0,153.87,710301,计算机,szcy,C,2020-08-12,[],0,0,buy,AA-,,6.3,11.7,4.5,buy,2026-07-15,0.025,1.565,4125.83,5536.63,22.36,5.04,,0,15:34:21,00,Y,N,0,0,Y,,2021-01-21 开始转股,计算使用0.1年期 评级为AA- 债参考YTM：1.7234,N,3.914,全价：117.870 最后更新：15:34:21,,,,1,{'R': '到期\n最后交易日：2026-07-09\n最后转股日：2026-07-14\n债券到期日：2026-07-15\n到期赎回价：118.000元/张'},0,0,N,,,buy,buy
2026-07-06 11:47:46,123092,天壕转债,thzz,117.914,0.0,300332,天壕能源,thny,4.3,0.0,0.93,4.97,86.52,0,36.29,154.2,410301,公用事业,szcy,C,2021-01-15,[],0,0,buy,A+,,3.479,6.461,9.8,buy,2026-12-24,0.469,3.417,0.0,0.0,0.0,-5.31,,0,15:34:24,03,Y,N,0,0,Y,,2021-06-30 开始转股,计算使用0.5年期 评级为A+ 债参考YTM：4.1149,N,4.23,全价：117.914 最后更新：15:34:24,,,,1,{'M': ''},0,0,N,,,buy,buy
2026-07-06 11:47:46,123131,奥飞转债,afzz,268.962,-0.96,300738,奥飞数据,afsj,19.8,-2.75,5.01,10.05,197.02,0,36.52,305.48,730104,通信,szcy,C,2021-12-22,[],0,0,buy,A+,,7.035,13.065,1.6,buy,2027-12-03,1.411,3.159,27811.09,89646.29,32.41,-44.84,,0,15:34:33,00,Y,N,0,0,Y,,2022-06-09 开始转股,计算使用1.5年期 评级为A+ 债参考YTM：4.2488,N,6.35,全价：268.962 最后更新：15:34:33,,,,1,"{'G': '本次（2026年5月21日至2026年6月10日）不提前赎回，以2026年12月10日后的首个交易日重新计算', 'M': ''}",0,0,N,,,buy,buy
2026-07-06 11:47:46,110084,贵燃转债,grzz,128.718,-0.87,600903,贵州燃气,gzrq,6.68,-1.76,2.41,7.1,94.09,0,36.81,165.53,410301,公用事业,shmb,C,2022-01-18,[],0,0,buy,AA,,4.97,9.23,10.5,buy,2027-12-27,1.477,8.157,5938.88,16750.55,5.64,-9.19,,0,14:59:30,00,Y,N,1,1,Y,转股价下修1次，成功下修1次,2022-07-01 开始转股,计算使用1.5年期 评级为AA 债参考YTM：1.6176,N,10.0,全价：128.718 最后更新：14:59:30,,,,1,{'M': ''},0,0,N,,,buy,buy
2026-07-06 11:47:46,123222,博俊转债,bjzz,157.302,0.19,300926,博俊科技,bjkj,18.92,-3.62,2.24,16.46,114.95,0,36.85,194.15,280205,汽车,szcy,C,2023-09-28,[],0,0,buy,A+,,11.522,21.398,4.3,buy,2029-09-08,3.178,2.438,10322.55,11747.71,26.95,-8.49,,0,15:33:54,00,Y,N,0,0,Y,,2024-03-14 开始转股,计算使用3.2年期 评级为A+ 债参考YTM：4.7337,N,5.0,全价：157.302 最后更新：15:33:54,,,,0,{'M': ''},0,0,N,,,buy,buy
2026-07-06 11:47:46,118012,XD微芯转,wxzz,155.658,3.3,688321,微芯生物,wxsw,28.82,0.28,4.94,25.34,113.73,0,36.86,192.52,370102,医药生物,shkc,C,2022-07-28,[],0,0,buy,A+,,17.738,32.942,4.3,buy,2028-07-05,2.0,4.996,36336.93,51605.16,46.75,-13.26,,0,14:59:58,00,Y,N,0,0,Y,,2023-01-11 开始转股,计算使用2.0年期 评级为A+ 债参考YTM：4.3568,N,5.0,全价：155.658 最后更新：14:59:58,,,,1,{'M': ''},0,0,N,,,buy,buy
2026-07-06 11:47:46,113066,平煤转债,pmzz,150.898,1.92,601666,平煤股份,pmgf,8.21,4.85,0.81,7.46,110.05,0,37.11,188.01,740102,煤炭,shmb,C,2023-04-10,[],0,0,buy,AAA,,5.222,9.698,7.0,buy,2029-03-16,2.696,14.274,12447.22,32598.45,5.83,-11.27,,0,14:59:59,00,Y,N,1,1,Y,转股价下修1次，成功下修1次,2023-09-22 开始转股,计算使用2.7年期 评级为AAA 债参考YTM：1.6320,N,29.0,全价：150.898 最后更新：14:59:59,,,,0,{'M': ''},0,0,N,,,buy,buy
2026-07-06 11:47:46,127088,赫达转债,hdzz,201.36,-2.56,002810,山东赫达,sdhd,24.61,-3.57,3.74,16.76,146.84,0,37.13,238.49,220309,基础化工,szmb,C,2023-07-19,[],0,0,buy,AA-,,11.732,21.788,7.5,buy,2029-07-03,2.995,5.996,7557.04,32324.41,6.24,-16.42,,0,15:34:33,00,Y,N,0,0,Y,,2024-01-08 开始转股,计算使用3.0年期 评级为AA- 债参考YTM：2.3330,N,6.0,全价：201.360 最后更新：15:34:33,,,,0,"{'G': '本次（2026年3月30日至2026年4月20日）不提前赎回，自2026年10月21日起重新计算', 'M': ''}",0,0,N,,,buy,buy
2026-07-06 11:47:46,127053,豪美转债,hmzz,190.57,-7.04,002988,豪美新材,hmxc,23.94,-5.9,2.19,17.23,138.94,0,37.16,227.73,240301,有色金属,szmb,C,2022-03-04,[],0,0,buy,AA-,,12.061,22.399,4.3,buy,2028-01-24,1.553,2.575,37539.38,17569.54,74.16,-25.81,,0,15:34:15,00,Y,N,1,1,Y,转股价下修1次，成功下修1次,2022-07-28 开始转股,计算使用1.6年期 评级为AA- 债参考YTM：1.9356,N,8.24,全价：190.570 最后更新：15:34:15,,,,1,{'G': '本次（2026年4月30日至2026年5月25日）不提前赎回，以2026年11月25日后首个交易日起重新计算'},0,0,N,,,buy,buy
2026-07-06 11:47:46,113052,兴业转债,xyzz,116.867,0.21,601166,兴业银行,xyyh,17.11,0.59,0.4,20.13,85.0,0,37.49,154.36,480301,银行,shmb,C,2022-01-14,[],0,0,buy,AAA,,,26.169,11.4,buy,2027-12-27,1.477,413.5,39311.66,195164.82,0.81,-3.3,,0,14:59:55,00,Y,Y,0,0,Y,,2022-06-30 开始转股,计算使用1.5年期 评级为AAA 债参考YTM：1.5401,N,500.0,全价：116.867 最后更新：14:59:55,,,,0,{'M': ''},0,0,N,,,buy,buy
2026-07-06 11:47:46,123064,万孚转债,wfzz,113.0,0.18,300482,万孚生物,wfsw,17.15,-0.46,1.46,20.88,82.14,0,37.58,150.58,370504,医药生物,szcy,C,2020-09-23,[],0,0,buy,AA,,14.616,27.144,8.1,buy,2026-09-01,0.156,5.976,2335.12,15828.21,3.46,-17.0,,0,15:34:21,00,Y,N,3,3,Y,转股价下修3次，成功下修3次,2021-03-08 开始转股,计算使用0.2年期 评级为AA 债参考YTM：1.5241,N,6.0,全价：113.000 最后更新：15:34:21,,,,1,{'M': ''},0,0,N,,,buy,buy
2026-07-06 11:47:46,113048,晶科转债,jkzz,124.361,-1.46,601778,晶科科技,jkkj,4.04,-2.65,0.94,4.47,90.38,0,37.6,161.96,410106,公用事业,shmb,C,2021-05-31,[],0,0,buy,AA,,3.129,5.811,10.3,buy,2027-04-23,0.797,15.453,11060.13,49024.58,5.72,-12.51,,0,14:59:56,00,Y,N,2,2,Y,转股价下修2次，成功下修2次,2021-10-29 开始转股,计算使用0.8年期 评级为AA 债参考YTM：1.5732,N,30.0,全价：124.361 最后更新：14:59:56,,,,1,"{'G': '本次（2026年3月25日至2026年5月6日）不提前赎回，以2026年8月7日为首个交易日重新计算', 'M': ''}",0,0,N,,,buy,buy
2026-07-06 11:47:46,123114,三角转债,sjzz,135.339,-2.18,300775,三角防务,sjfw,22.19,-4.35,2.01,22.69,97.8,0,38.39,173.73,650201,国防军工,szcy,C,2021-06-11,[],0,0,buy,AA-,,15.883,29.497,7.6,buy,2027-05-25,0.885,8.999,7736.76,44670.31,6.31,-17.04,,0,15:34:24,00,Y,N,1,1,Y,转股价下修1次，成功下修1次,2021-11-30 开始转股,计算使用0.9年期 评级为AA- 债参考YTM：1.8259,N,9.044,全价：135.339 最后更新：15:34:24,,,,1,{'M': ''},0,0,N,,,buy,buy
2026-07-06 11:47:46,128142,新乳转债,xrzz,116.082,-0.23,002946,新乳业,xry,14.64,0.0,3.22,17.5,83.66,0,38.76,154.84,340702,食品饮料,szmb,C,2021-01-19,[],0,0,buy,AA,,12.25,22.75,5.8,buy,2026-12-18,0.452,7.178,5794.85,8940.87,6.97,-11.66,,0,15:33:57,00,Y,N,0,0,Y,,2021-06-24 开始转股,计算使用0.5年期 评级为AA 债参考YTM：1.5449,N,7.18,全价：116.082 最后更新：15:33:57,,,,1,{'M': ''},0,0,N,,,buy,buy
2026-07-06 11:47:46,127045,牧原转债,myzz,124.273,1.41,002714,牧原股份,mygf,38.68,4.82,2.56,43.32,89.29,0,39.18,163.45,110702,农林牧渔,szmb,C,2021-09-10,[],0,0,buy,AAA,,30.324,56.316,7.5,buy,2027-08-16,1.112,95.43,31875.25,387100.19,2.68,-11.62,,0,15:34:27,00,Y,Y,0,0,Y,,2022-02-21 开始转股,计算使用1.2年期 评级为AAA 债参考YTM：1.5123,N,95.5,全价：124.273 最后更新：15:34:27,,,,1,{'M': ''},0,0,N,,,buy,buy
2026-07-06 11:47:46,127089,晶澳转债,jazz,126.052,0.04,002459,晶澳科技,jakj,8.03,-2.9,1.25,8.9,90.23,0,39.71,165.76,630502,电力设备,szmb,C,2023-08-04,[],0,0,buy,AA+,,6.23,11.57,33.7,buy,2029-07-18,3.036,89.588,25346.04,56192.89,2.25,-3.92,,0,15:34:51,00,Y,N,3,2,Y,转股价下修3次，成功下修2次,2024-01-24 开始转股,计算使用3.1年期 评级为AA+ 债参考YTM：1.7102,N,89.603,全价：126.052 最后更新：15:34:51,,,,0,{'M': ''},0,0,N,,,buy,buy
2026-07-06 11:47:46,110097,天润转债,trzz,137.266,0.29,600419,天润乳业,trry,8.03,0.37,1.02,8.19,98.05,0,40.0,177.27,340702,食品饮料,shmb,C,2024-11-15,[],0,0,buy,AA,,5.733,10.647,39.0,buy,2030-10-24,4.304,9.89,6436.96,2884.88,4.75,-4.15,,0,14:59:50,00,Y,N,0,0,Y,,2025-04-30 开始转股,计算使用4.4年期 评级为AA 债参考YTM：1.9535,N,9.9,全价：137.266 最后更新：14:59:50,,,,0,[],0,0,N,,,buy,buy
2026-07-06 11:47:46,118060,瑞可转债,rkzz,223.355,1.06,688800,瑞可达,rkd,83.75,0.9,9.55,52.6,159.22,0,40.28,263.64,270401,电子,shkc,C,2025-12-12,[],0,0,buy,AA-,,36.82,68.38,4.2,buy,2031-11-14,5.362,9.999,39454.93,90180.3,17.6,-11.67,,0,14:59:58,00,Y,N,0,0,Y,,2026-05-20 开始转股,计算使用5.4年期 评级为AA- 债参考YTM：2.8879,N,10.0,全价：223.355 最后更新：14:59:58,,,,0,"{'G': '本次（2026年5月20日至2026年6月9日）不提前赎回，以2026年12月10日为首个交易日重新计算', 'M': ''}",0,0,N,,,buy,buy
2026-07-06 11:47:46,127095,广泰转债,gtzz,144.287,-0.22,002111,威海广泰,whgt,9.3,-0.96,1.55,9.07,102.54,0,40.72,185.01,650201,国防军工,szmb,C,2023-11-10,[],0,0,buy,AA-,,6.349,11.791,15.2,buy,2029-10-18,3.288,6.927,2792.9,7565.56,2.8,-5.72,,0,15:34:03,00,Y,N,0,0,Y,,2024-04-24 开始转股,计算使用3.3年期 评级为AA- 债参考YTM：2.3970,N,7.0,全价：144.287 最后更新：15:34:03,,,,0,[],0,0,N,,,buy,buy
2026-07-06 11:47:46,113646,永吉转债,yjzz,153.305,0.0,603058,永吉股份,yjgf,8.76,0.11,3.03,8.05,108.82,0,40.88,194.19,360205,轻工制造,shmb,C,2022-05-17,[],0,0,buy,AA-,,5.635,10.465,3.8,buy,2028-04-14,1.775,1.372,4549.25,5606.75,21.69,-17.17,,0,14:59:47,00,Y,N,0,0,Y,,2022-10-20 开始转股,计算使用1.8年期 评级为AA- 债参考YTM：1.9776,N,1.459,全价：153.305 最后更新：14:59:47,,,,1,[],0,0,N,,,buy,buy
2026-07-06 11:47:46,128121,宏川转债,hczz,107.82,-0.08,002930,宏川智慧,hczh,9.64,-1.83,2.1,12.65,76.21,0,41.49,149.31,420806,交通运输,szmb,C,2020-08-07,[],0,0,buy,AA-,,8.855,16.445,15.5,buy,2026-07-17,0.03,6.465,19823.68,16588.05,28.44,6.09,,0,15:34:51,00,Y,N,2,2,Y,转股价下修2次，成功下修2次,2021-01-25 开始转股,计算使用0.1年期 评级为AA- 债参考YTM：1.7234,N,6.7,全价：107.820 最后更新：15:34:51,,,,0,"{'R': '到期\n最后交易日：2026-07-13\n最后转股日：2026-07-16\n债券到期日：2026-07-17\n到期赎回价：108.000元/张', 'M': ''}",0,0,N,,,buy,buy
2026-07-06 11:47:46,118013,道通转债,dtzz,173.155,-2.64,688208,道通科技,dtkj,26.25,1.0,4.35,21.48,122.21,0,41.69,214.85,710103,计算机,shkc,C,2022-07-28,[],0,0,buy,AA,,15.036,27.924,7.3,buy,2028-07-08,2.008,12.796,22490.97,49663.17,9.93,-17.58,,0,14:59:51,00,Y,N,0,0,Y,,2023-01-16 开始转股,计算使用2.1年期 评级为AA 债参考YTM：1.6978,N,12.8,全价：173.155 最后更新：14:59:51,,,,0,"{'G': '本次（2026年1月5日至2026年1月23日）不提前赎回，以2026年7月24日为首个交易日重新计算', 'M': ''}",0,0,N,,,buy,buy
2026-07-06 11:47:46,118007,山石转债,sszz,133.866,-0.86,688030,山石网科,sswk,15.58,-3.59,4.02,16.5,94.42,0,41.77,175.64,710402,计算机,shkc,C,2022-04-21,[],0,0,buy,A-,,11.55,21.45,9.5,buy,2028-03-22,1.712,2.671,2171.5,3544.73,6.06,-7.9,,0,14:59:40,00,Y,N,1,1,Y,转股价下修1次，成功下修1次,2022-09-28 开始转股,计算使用1.8年期 评级为A- 债参考YTM：9.0160,N,2.674,全价：133.866 最后更新：14:59:40,,,,1,{'M': ''},0,0,N,,,buy,buy
2026-07-06 11:47:46,127082,亚科转债,ykzz,133.307,-0.22,002540,亚太科技,ytkj,4.89,1.24,1.08,5.21,93.86,0,42.03,175.34,240301,有色金属,szmb,C,2023-04-27,[],0,0,buy,AA,,3.647,6.773,27.6,buy,2029-03-09,2.677,11.585,7099.1,6809.82,4.58,-5.36,,0,15:34:00,00,Y,N,0,0,Y,,2023-09-15 开始转股,计算使用2.7年期 评级为AA 债参考YTM：1.7615,N,11.59,全价：133.307 最后更新：15:34:00,,,,0,[],0,0,N,,,buy,buy
2026-07-06 11:47:46,127050,麒麟转债,qlzz,132.14,1.69,002984,森麒麟,sql,14.02,2.86,1.05,15.07,93.03,0,42.04,174.18,280204,汽车,szmb,C,2021-12-06,[],0,0,buy,AA,,10.549,19.591,20.8,buy,2027-11-11,1.351,20.86,13951.36,19420.8,5.08,-11.79,,0,15:34:12,00,Y,N,2,2,Y,转股价下修2次，成功下修2次,2022-05-17 开始转股,计算使用1.4年期 评级为AA 债参考YTM：1.6044,N,21.989,全价：132.140 最后更新：15:34:12,,,,1,{'M': ''},0,0,N,,,buy,buy
2026-07-06 11:47:46,113643,风语转债,fyzz,143.273,1.37,603466,风语筑,fyz,11.9,2.32,3.34,11.8,100.85,0,42.07,185.34,720706,传媒,shmb,C,2022-04-22,[],0,0,buy,AA-,,8.26,15.34,7.1,buy,2028-03-25,1.721,4.992,56627.09,179358.14,78.25,-11.22,,0,14:59:59,00,Y,N,1,1,Y,转股价下修1次，成功下修1次,2022-10-10 开始转股,计算使用1.8年期 评级为AA- 债参考YTM：1.9776,N,5.0,全价：143.273 最后更新：14:59:59,,,,1,{'M': ''},0,0,N,,,buy,buy
2026-07-06 11:47:46,123255,鼎龙转债,dlzz,453.514,0.78,300054,鼎龙股份,dlgf,90.56,0.76,15.76,28.38,319.1,0,42.12,495.63,270601,电子,szcy,C,2025-04-23,[],0,0,buy,AA,,19.866,36.894,1.4,buy,2031-04-02,4.743,9.096,103518.17,383588.25,25.23,-25.46,,0,15:34:09,00,Y,N,0,0,Y,,2025-10-09 开始转股,计算使用4.8年期 评级为AA 债参考YTM：2.0008,N,9.1,全价：453.514 最后更新：15:34:09,,,,0,"{'G': '本次（2026年4月8日至2026年4月28日）不提前赎回，自2026年10月28日后首个交易日重新计算', 'M': ''}",0,0,N,,,buy,buy
2026-07-06 11:47:46,123142,申昊转债,shzz,127.261,-3.5,300853,申昊科技,shkj,30.14,-14.13,6.95,33.71,89.41,0,42.33,169.59,630803,电力设备,szcy,C,2022-04-11,[],0,0,buy,BBB+,,23.597,43.823,18.5,buy,2028-03-18,1.701,5.494,14365.43,60487.23,20.06,-7.13,,0,15:34:30,00,Y,N,0,0,Y,,2022-09-26 开始转股,计算使用1.8年期 评级为BBB+ 债参考YTM：12.1459,N,5.5,全价：127.261 最后更新：15:34:30,,,,1,[],0,0,N,,,buy,buy
2026-07-06 11:47:46,118059,颀中转债,qzzz,229.619,3.1,688352,颀中科技,qzkj,21.96,4.08,4.48,13.7,160.29,0,43.25,272.87,270107,电子,shkc,C,2025-11-21,[],0,0,buy,AA+,,9.59,17.81,10.6,buy,2031-11-03,5.332,8.499,187563.7,102239.42,95.83,-12.68,,0,15:00:00,00,Y,N,0,0,Y,,2026-05-07 开始转股,计算使用5.4年期 评级为AA+ 债参考YTM：1.8917,N,8.5,全价：229.619 最后更新：15:00:00,,,,0,"{'G': '本次（2026年5月26日至2026年6月17日）不提前赎回，以2026年12月18日为首个交易日重新计算', 'M': ''}",0,0,N,,,buy,buy
2026-07-06 11:47:46,118039,煜邦转债,ybzz,136.786,-0.73,688597,煜邦电力,ybdl,6.97,-1.41,2.73,7.3,95.48,0,43.26,180.05,630804,电力设备,shkc,C,2023-08-15,[],0,0,buy,A,,5.11,9.49,17.5,buy,2029-07-20,3.041,4.104,4690.98,3967.05,8.33,-4.91,,0,14:59:40,00,Y,N,0,0,Y,,2024-01-26 开始转股,计算使用3.1年期 评级为A 债参考YTM：7.0618,N,4.108,全价：136.786 最后更新：14:59:40,,,,0,"{'G': '本次（2026年1月16日至2026年2月11日）不提前赎回，以2026年8月12日为首个交易日重新计算', 'M': ''}",0,0,N,,,buy,buy
2026-07-06 11:47:46,127064,杭氧转债,hyzz,146.118,-2.5,002430,杭氧股份,hygf,26.14,-4.91,2.51,25.67,101.83,0,43.49,189.61,220309,基础化工,szmb,C,2022-07-05,[],0,0,buy,AA+,,17.969,33.371,4.4,buy,2028-05-19,1.871,11.364,8540.47,82631.73,5.12,-14.29,,0,15:34:18,00,Y,N,1,1,Y,转股价下修1次，成功下修1次,2022-11-25 开始转股,计算使用1.9年期 评级为AA+ 债参考YTM：1.6168,N,11.37,全价：146.118 最后更新：15:34:18,,,,1,{'M': ''},0,0,N,,,buy,buy
2026-07-06 11:47:46,118061,茂莱转债,mlzz,220.215,-1.43,688502,茂莱光学,mlgx,558.1,-2.48,23.43,364.15,153.26,0,43.69,263.91,270303,电子,shkc,C,2025-12-10,[],0,0,buy,A+,,254.905,473.395,1.9,buy,2031-11-21,5.381,5.622,71303.14,108616.2,57.27,-11.11,,0,14:59:59,00,Y,N,0,0,Y,,2026-05-27 开始转股,计算使用5.4年期 评级为A+ 债参考YTM：5.2365,N,5.625,全价：220.215 最后更新：14:59:59,,,,0,"{'G': '本次（2026年5月28日至2026年7月3日）不提前赎回，以2026年10月4日首个交易日重新计算', 'M': ''}",0,0,N,,,buy,buy
2026-07-06 11:47:46,123172,漱玉转债,syzz,131.834,0.91,301017,漱玉平民,sypm,13.68,2.4,2.59,14.91,91.75,0,43.69,175.52,370403,医药生物,szcy,C,2023-01-06,[],0,0,buy,AA-,,10.437,19.383,22.5,buy,2028-12-15,2.447,7.96,4104.49,8705.5,3.93,-5.02,,0,15:34:39,00,Y,N,1,1,Y,转股价下修1次，成功下修1次,2023-06-21 开始转股,计算使用2.5年期 评级为AA- 债参考YTM：2.1581,N,8.0,全价：131.834 最后更新：15:34:39,,,,0,{'M': ''},0,0,N,,,buy,buy
2026-07-06 11:47:46,113686,泰瑞转债,trzz,147.999,-3.6,603289,泰瑞机器,trjq,8.22,-3.29,1.61,8.0,102.75,0,44.04,192.04,640209,机械设备,shmb,C,2024-07-24,[],0,0,buy,AA-,,5.6,10.4,13.9,buy,2030-07-02,3.992,3.363,10645.94,4200.57,21.24,-5.3,,0,14:59:58,00,Y,N,0,0,Y,,2025-01-08 开始转股,计算使用4.0年期 评级为AA- 债参考YTM：2.4470,N,3.378,全价：147.999 最后更新：14:59:58,,,,0,{'G': '本次（2026年5月6日至2026年5月26日）不提前赎回，自2026年8月26日之后的首个交易日重新起算'},0,0,N,,,buy,buy
2026-07-06 11:47:46,127109,电化转债,dhzz,185.433,1.51,002125,湘潭电化,xtdh,12.83,-1.31,2.35,9.99,128.43,0,44.39,229.82,630702,电力设备,szmb,C,2025-07-04,[],0,0,buy,AA,,6.993,12.987,6.0,buy,2031-06-16,4.948,4.866,16887.96,37194.03,18.77,-9.41,,0,15:34:42,00,Y,N,0,0,Y,,2025-12-22 开始转股,计算使用5.0年期 评级为AA 债参考YTM：2.0244,N,4.87,全价：185.433 最后更新：15:34:42,,,,0,"{'G': '本次（2026年4月14日至2026年5月7日）不提前赎回，自2026年8月7日后首个交易日重新计算', 'M': ''}",0,0,N,,,buy,buy
2026-07-06 11:47:46,123195,蓝晓转02,lxz02,176.701,-1.28,300487,蓝晓科技,lxkj,72.2,-3.19,7.99,59.21,121.94,0,44.91,221.61,220504,基础化工,szcy,C,2023-05-08,[],0,0,buy,A+,,41.447,76.973,2.5,buy,2029-04-17,2.784,5.458,33498.75,108722.32,34.82,-13.38,,0,15:34:09,00,Y,N,0,0,Y,,2023-10-23 开始转股,计算使用2.8年期 评级为A+ 债参考YTM：4.6131,N,5.461,全价：176.701 最后更新：15:34:09,,,,0,{'M': ''},0,0,N,,,buy,buy
2026-07-06 11:47:46,123165,回天转债,htzz,141.675,0.36,300041,回天新材,htxc,14.69,0.89,2.6,15.05,97.61,0,45.15,186.83,220316,基础化工,szcy,C,2022-11-15,[],0,0,buy,AA-,,10.535,19.565,10.6,buy,2028-10-27,2.312,8.497,8142.18,89013.14,6.73,-7.57,,0,15:34:42,00,Y,N,0,0,Y,,2023-05-04 开始转股,计算使用2.4年期 评级为AA- 债参考YTM：2.1239,N,8.5,全价：141.675 最后更新：15:34:42,,,,0,{'M': ''},0,0,N,,,buy,buy
2026-07-06 11:47:46,123199,山河转债,shzz,139.3,0.11,300452,山河药辅,shyf,12.47,0.08,2.77,13.0,95.92,0,45.22,184.52,370101,医药生物,szcy,C,2023-07-07,[],0,0,buy,A+,,9.1,16.9,12.9,buy,2029-06-12,2.937,3.197,2176.79,6424.89,4.88,-7.41,,0,15:34:48,00,Y,N,1,1,Y,转股价下修1次，成功下修1次,2023-12-18 开始转股,计算使用3.0年期 评级为A+ 债参考YTM：4.6830,N,3.2,全价：139.300 最后更新：15:34:48,,,,0,[],0,0,N,,,buy,buy
2026-07-06 11:47:46,123109,昌红转债,chzz,135.8,-3.05,300151,昌红科技,chkj,24.85,-7.0,8.0,26.64,93.28,0,45.58,181.38,640209,机械设备,szcy,C,2021-04-19,[],0,0,buy,AA-,,18.648,34.632,5.0,buy,2027-04-01,0.737,4.595,6416.76,94193.04,10.21,-20.86,,0,15:34:27,00,Y,N,0,0,Y,,2021-10-08 开始转股,计算使用0.8年期 评级为AA- 债参考YTM：1.8166,N,4.6,全价：135.800 最后更新：15:34:27,,,,1,{'M': ''},0,0,N,,,buy,buy
2026-07-06 11:47:46,127061,美锦转债,mjzz,95.3,1.93,000723,美锦能源,mjny,3.43,1.78,1.18,5.26,65.21,0,46.15,141.45,740201,煤炭,szmb,C,2022-05-30,[],0,0,buy,A,,3.682,6.838,18.5,buy,2028-04-20,1.792,27.89,13539.37,15611.25,5.09,14.2,,0,15:34:39,00,Y,N,2,1,Y,转股价下修2次，成功下修1次,2022-10-26 开始转股,计算使用1.8年期 评级为A 债参考YTM：6.6660,Y,35.9,全价：95.300 最后更新：15:34:39,,,"按下调到底估算
股东大会：2026-07-16
预估转股价：3.74
预估转股价值：91.71
期权价值：17.11
理论价值：124.62
理论偏离度：-30.77%",1,{'M': ''},0,0,N,,,buy,buy
2026-07-06 11:47:46,113070,渝水转债,yszz,126.999,0.89,601158,重庆水务,cqsw,4.09,2.0,1.12,4.72,86.65,0,46.56,173.56,760102,环保,shmb,C,2025-02-13,[],0,0,buy,AAA,,3.304,6.136,9.7,buy,2031-01-09,4.515,18.998,6540.63,2820.5,2.71,-2.92,,0,14:59:47,00,Y,N,0,0,Y,,2025-07-15 开始转股,计算使用4.6年期 评级为AAA 债参考YTM：1.7351,N,19.0,全价：126.999 最后更新：14:59:47,,,,0,{'M': ''},0,0,N,,,buy,buy
2026-07-06 11:47:46,111015,XD东亚转,dyzz,126.318,-0.3,605177,东亚药业,dyyy,17.47,-2.18,1.13,20.28,86.14,0,46.64,172.96,370101,医药生物,shmb,C,2023-08-02,[],0,0,buy,A+,,14.196,26.364,33.6,buy,2029-07-06,3.0,6.662,5520.7,3901.39,6.52,-2.14,,0,14:59:44,00,Y,N,1,1,Y,转股价下修1次，成功下修1次,2024-01-12 开始转股,计算使用3.0年期 评级为A+ 债参考YTM：4.6830,N,6.9,全价：126.318 最后更新：14:59:44,,,,0,[],0,0,N,,,buy,buy
2026-07-06 11:47:46,127105,龙星转债,lxzz,130.57,-0.63,002442,龙星科技,lxkj,5.16,-2.09,1.41,5.8,88.97,0,46.76,177.33,220603,基础化工,szmb,C,2024-03-06,[],0,0,buy,AA-,,4.06,7.54,29.7,buy,2030-01-31,3.575,7.54,8640.94,10651.78,8.76,-2.54,,0,15:34:45,00,Y,N,0,0,Y,,2024-08-07 开始转股,计算使用3.6年期 评级为AA- 债参考YTM：2.4208,N,7.54,全价：130.570 最后更新：15:34:45,,,,0,[],0,0,N,,,buy,buy
2026-07-06 11:47:46,127104,姚记转债,yjzz,143.32,-0.22,002605,姚记科技,yjkj,19.09,0.74,2.01,19.58,97.5,0,47.0,190.32,720401,传媒,szmb,C,2024-02-26,[],0,0,buy,A+,,13.706,25.454,9.0,buy,2030-01-24,3.556,5.823,3423.87,19483.58,4.09,-4.92,,0,15:33:57,00,Y,N,0,0,Y,,2024-07-31 开始转股,计算使用3.6年期 评级为A+ 债参考YTM：4.7768,N,5.831,全价：143.320 最后更新：15:33:57,,,,0,[],0,0,N,,,buy,buy
2026-07-06 11:47:46,113636,甬金转债,yjzz,132.706,-0.44,603995,甬金股份,yjgf,23.58,-0.67,1.42,26.22,89.93,0,47.56,180.27,230501,钢铁,shmb,C,2021-12-31,[],0,0,buy,AA-,,18.354,34.086,11.7,buy,2027-12-13,1.438,9.995,3806.56,15140.66,2.87,-8.22,,0,14:59:30,00,Y,N,1,1,Y,转股价下修1次，成功下修1次,2022-06-17 开始转股,计算使用1.5年期 评级为AA- 债参考YTM：1.9149,N,10.0,全价：132.706 最后更新：14:59:30,,,,1,{'M': ''},0,0,N,,,buy,buy
2026-07-06 11:47:46,111022,锡振转债,xzzz,152.491,-1.34,605319,无锡振华,wxzh,23.12,1.94,2.81,22.39,103.26,0,47.68,200.17,280205,汽车,shmb,C,2025-07-14,[],0,0,buy,AA-,,15.673,29.107,6.5,buy,2031-06-18,4.953,5.197,6364.77,7446.25,8.01,-5.19,,0,14:59:51,00,Y,N,0,0,Y,,2025-12-24 开始转股,计算使用5.0年期 评级为AA- 债参考YTM：2.6144,N,5.2,全价：152.491 最后更新：14:59:51,,,,0,[],0,0,N,,,buy,buy
2026-07-06 11:47:46,118031,天23转债,t23zz,123.097,0.13,688599,天合光能,thgn,13.33,-3.96,1.51,16.0,83.31,0,47.75,170.85,630502,电力设备,shkc,C,2023-03-15,[],0,0,buy,AA,,11.2,20.8,18.7,buy,2029-02-13,2.611,58.512,8143.23,45879.48,1.13,-1.53,,0,14:59:48,00,Y,N,2,2,Y,转股价下修2次，成功下修2次,2023-08-17 开始转股,计算使用2.7年期 评级为AA 债参考YTM：1.7615,N,88.648,全价：123.097 最后更新：14:59:48,,,,0,{'M': ''},0,0,N,,,buy,buy
2026-07-06 11:47:46,127099,盛航转债,shzz,133.3,0.25,001205,盛航股份,shgf,13.82,0.07,1.18,15.33,90.15,0,47.86,181.16,421101,交通运输,szmb,C,2023-12-28,[],0,0,buy,AA-,,10.731,19.929,19.7,buy,2029-12-06,3.422,4.541,1795.7,7574.29,2.97,-3.16,,0,15:34:39,00,Y,N,1,1,Y,转股价下修1次，成功下修1次,2024-06-12 开始转股,计算使用3.5年期 评级为AA- 债参考YTM：2.4153,N,7.4,全价：133.300 最后更新：15:34:39,,,,0,[],0,0,N,,,buy,buy
2026-07-06 11:47:46,127113,长高转债,cgzz,188.192,5.84,002452,长高电气,cgdq,13.83,6.96,3.06,10.92,126.65,70,48.59,236.78,630801,电力设备,szmb,C,2026-03-30,[],0,0,buy,AA-,,7.644,14.196,10.6,buy,2032-03-08,5.677,7.586,55835.95,82746.25,39.97,-8.58,,0,15:34:03,00,Y,N,0,0,Y,,未到转股期；2026-09-14 开始转股,计算使用5.7年期 评级为AA- 债参考YTM：3.2105,N,7.59,全价：188.192 最后更新：15:34:03,,,,0,{'M': ''},0,0,N,,,buy,buy
2026-07-06 11:47:46,110073,国投转债,gtzz,106.897,0.02,600061,国投资本,gtzb,6.66,1.37,0.74,9.27,71.85,0,48.79,155.69,490101,非银金融,shmb,C,2020-08-20,[],0,0,buy,AAA,,,12.051,18.8,buy,2026-07-24,0.049,79.99,9641.6,30082.05,1.13,2.07,,0,14:58:51,00,Y,N,0,0,Y,,2021-02-01 开始转股,计算使用0.1年期 评级为AAA 债参考YTM：1.4534,N,80.0,全价：106.897 最后更新：14:58:51,,,,0,"{'R': '到期\n最后交易日：2026-07-20\n最后转股日：2026-07-23\n债券到期日：2026-07-24\n到期赎回价：107.000元/张', 'M': ''}",0,0,N,,,buy,buy
2026-07-06 11:47:46,128129,青农转债,qnzz,107.737,0.0,002958,青农商行,qnsh,2.88,1.77,0.36,4.0,72.0,0,49.63,157.37,480501,银行,szmb,C,2020-09-18,[],0,0,buy,AAA,,,5.2,31.9,buy,2026-08-25,0.137,49.997,18596.66,16984.62,3.45,1.82,,0,15:33:54,00,Y,N,1,1,Y,转股价下修1次，成功下修1次,2021-03-01 开始转股,计算使用0.2年期 评级为AAA 债参考YTM：1.4541,N,50.0,全价：107.737 最后更新：15:33:54,,,,0,{'M': ''},0,0,N,,,buy,buy
2026-07-06 11:47:46,113678,中贝转债,zbzz,145.333,-1.94,603220,中贝通信,zbtx,19.92,-4.6,2.71,20.54,96.98,0,49.86,195.19,730103,通信,shmb,C,2023-11-21,[],0,0,buy,A+,,14.378,26.702,5.9,buy,2029-10-19,3.29,5.106,10778.78,37561.81,14.5,-5.67,,0,14:59:59,00,Y,N,2,1,Y,转股价下修2次，成功下修1次,2024-04-25 开始转股,计算使用3.3年期 评级为A+ 债参考YTM：4.7500,N,5.17,全价：145.333 最后更新：14:59:59,,,,0,"{'G': '本次（2026年3月16日至2026年4月27日）不提前赎回，以2026年7月28日起算', 'M': ''}",0,0,N,,,buy,buy
2026-07-06 11:47:46,118036,力合转债,lhzz,139.8,-0.36,688589,力合微,lhw,22.16,-0.27,3.09,23.83,92.99,0,50.34,190.14,270104,电子,shkc,C,2023-07-20,[],0,0,buy,AA-,,16.681,30.979,11.8,buy,2029-06-28,2.981,3.8,7289.03,18340.72,13.8,-5.47,,0,14:59:40,00,Y,N,1,1,Y,转股价下修1次，成功下修1次,2024-01-04 开始转股,计算使用3.0年期 评级为AA- 债参考YTM：2.3330,N,3.8,全价：139.800 最后更新：14:59:40,,,,0,{'M': ''},0,0,N,,,buy,buy
2026-07-06 11:47:46,123065,宝莱转债,blzz,120.808,0.19,300246,宝莱特,blt,14.65,-1.08,3.43,18.3,80.06,0,50.91,171.72,370502,医药生物,szcy,C,2020-09-24,[],0,0,buy,AA-,,12.81,23.79,7.0,buy,2026-09-04,0.164,2.18,3616.72,18720.09,13.64,-29.75,,0,15:34:24,00,Y,N,2,2,Y,转股价下修2次，成功下修2次,2021-03-11 开始转股,计算使用0.2年期 评级为AA- 债参考YTM：1.7241,N,2.19,全价：120.808 最后更新：15:34:24,,,,0,[],0,0,N,,,buy,buy
2026-07-06 11:47:46,113054,绿动转债,ldzz,122.935,0.64,601330,绿色动力,lsdl,7.19,0.56,1.21,8.89,80.88,0,52.0,174.94,760103,环保,shmb,C,2022-03-23,[],0,0,buy,AA+,,6.223,11.557,33.2,buy,2028-02-25,1.641,23.598,8959.9,8335.13,3.1,-6.2,,0,14:59:34,00,Y,N,0,0,N,2026-06-30 至 2026-07-07 期间暂停转股：权益分派,2022-09-05 开始转股;2026-06-30 至 2026-07-07 期间暂停转股：权益分派,计算使用1.7年期 评级为AA+ 债参考YTM：1.5938,N,23.6,全价：122.935 最后更新：14:59:34,,,,1,[],0,0,N,,,buy,buy
2026-07-06 11:47:46,123088,威唐转债,wtzz,117.51,-0.14,300707,威唐工业,wtgy,11.5,-2.87,1.75,14.9,77.18,0,52.25,169.76,280205,汽车,szcy,C,2021-01-06,[],0,0,buy,A+,,10.43,19.37,17.9,buy,2026-12-15,0.444,3.004,3293.77,5593.57,9.33,-4.84,,0,15:34:24,00,Y,N,1,1,Y,转股价下修1次，成功下修1次,2021-06-21 开始转股,计算使用0.5年期 评级为A+ 债参考YTM：4.1149,N,3.014,全价：117.510 最后更新：15:34:24,,,,1,[],0,0,N,,,buy,buy
2026-07-06 11:47:46,110095,双良转债,slzz,118.694,0.75,600481,双良节能,sljn,4.8,2.78,2.23,6.18,77.67,0,52.82,171.51,630501,电力设备,shmb,C,2023-09-08,[],0,0,buy,AA-,,4.326,8.034,14.1,buy,2029-08-08,3.093,14.006,10626.18,47525.0,6.37,-1.24,,0,14:59:52,00,Y,N,2,2,Y,转股价下修2次，成功下修2次,2024-02-19 开始转股,计算使用3.1年期 评级为AA- 债参考YTM：2.3608,N,26.0,全价：118.694 最后更新：14:59:52,,,,0,{'M': ''},0,0,N,,,buy,buy
2026-07-06 11:47:46,128125,华阳转债,hyzz,112.66,0.05,002949,华阳国际,hygj,10.45,-0.48,1.29,14.19,73.64,0,52.98,165.64,620601,建筑装饰,szmb,C,2020-08-21,[],0,0,buy,AA-,,9.933,18.447,28.3,buy,2026-07-30,0.066,4.496,5111.41,2762.47,10.09,4.79,,0,15:34:09,00,Y,N,2,2,Y,转股价下修2次，成功下修2次,2021-02-05 开始转股,计算使用0.1年期 评级为AA- 债参考YTM：1.7234,N,4.5,全价：112.660 最后更新：15:34:09,,,,1,{'R': '到期\n最后交易日：2026-07-24\n最后转股日：2026-07-29\n债券到期日：2026-07-30\n到期赎回价：113.000元/张'},0,0,N,,,buy,buy
2026-07-06 11:47:46,123269,金杨转债,jyzz,172.992,-0.67,301210,金杨精密,jygf,31.92,-2.3,2.73,28.24,113.03,112,53.05,226.04,630701,电力设备,szcy,C,2026-05-11,[],0,0,buy,AA-,,19.768,36.712,50.5,buy,2032-04-19,5.792,9.8,10223.02,23490.32,5.99,-7.06,,0,15:34:03,00,Y,N,0,0,Y,,未到转股期；2026-10-26 开始转股,计算使用5.8年期 评级为AA- 债参考YTM：3.3070,N,9.8,全价：172.992 最后更新：15:34:03,,,,0,{'M': ''},0,0,N,,,buy,buy
2026-07-06 11:47:46,113649,丰山转债,fszz,132.244,0.79,603810,丰山集团,fsjt,11.72,0.34,1.19,13.61,86.11,0,53.57,185.81,220803,基础化工,shmb,C,2022-07-21,[],0,0,buy,AA-,,9.527,17.693,23.6,buy,2028-06-27,1.978,4.577,4901.88,3090.93,8.11,-6.06,,0,14:59:52,00,Y,N,0,0,Y,,2023-01-03 开始转股,计算使用2.0年期 评级为AA- 债参考YTM：2.0168,N,5.0,全价：132.244 最后更新：14:59:52,,,,1,[],0,0,N,,,buy,buy
2026-07-06 11:47:46,123080,海波转债,hbzz,126.65,0.12,300517,海波重科,hbzk,9.3,-1.69,1.74,11.28,82.45,0,53.61,180.26,620401,建筑装饰,szcy,C,2020-12-22,[],0,0,buy,A+,,7.896,14.664,12.6,buy,2026-12-02,0.408,1.485,2636.36,4932.75,13.99,-12.95,,0,15:34:27,00,Y,N,0,0,Y,,2021-06-08 开始转股,计算使用0.5年期 评级为A+ 债参考YTM：4.1149,N,2.45,全价：126.650 最后更新：15:34:27,,,,1,[],0,0,N,,,buy,buy
2026-07-06 11:47:46,113067,燃23转债,r23zz,127.5,0.8,601139,深圳燃气,szrq,6.0,1.69,1.03,7.24,82.87,0,53.85,181.35,410301,公用事业,shmb,C,2023-08-18,[],0,0,buy,AAA,,5.068,9.412,17.4,buy,2029-07-27,3.06,29.999,5477.99,10306.25,1.43,-4.57,,0,14:59:44,00,Y,N,0,0,Y,,2024-02-02 开始转股,计算使用3.1年期 评级为AAA 债参考YTM：1.6478,N,30.0,全价：127.500 最后更新：14:59:44,,,,0,{'M': ''},0,0,N,,,buy,buy
2026-07-06 11:47:46,127046,百润转债,brzz,127.3,0.08,002568,百润股份,brgf,16.8,-0.36,3.38,20.33,82.64,0,54.05,181.35,340602,食品饮料,szmb,C,2021-11-03,[],0,0,buy,AA,,14.231,26.429,8.8,buy,2027-09-29,1.233,11.274,6061.33,21086.99,4.21,-10.14,,0,15:34:12,00,Y,N,1,1,Y,转股价下修1次，成功下修1次,2022-04-12 开始转股,计算使用1.3年期 评级为AA 债参考YTM：1.5929,N,11.28,全价：127.300 最后更新：15:34:12,,,,0,{'M': ''},0,0,N,,,buy,buy
2026-07-06 11:47:46,113037,紫银转债,zyzz,109.903,0.04,601860,紫金银行,zjyh,2.53,1.61,0.45,3.55,71.27,0,54.21,164.11,480501,银行,shmb,C,2020-08-17,[],0,0,buy,AA+,,,4.615,50.1,buy,2026-07-23,0.047,44.994,10116.21,8699.31,2.05,2.02,,0,14:59:57,00,Y,N,1,1,Y,转股价下修1次，成功下修1次,2021-01-29 开始转股,计算使用0.1年期 评级为AA+ 债参考YTM：1.4834,N,45.0,全价：109.903 最后更新：14:59:57,,,,0,"{'R': '临近到期\n债券到期日：2026-07-23\n到期赎回价：110.000元/张', 'M': ''}",0,0,N,,,buy,buy
2026-07-06 11:47:46,123189,晓鸣转债,xmzz,131.396,0.87,300967,晓鸣股份,xmgf,16.26,2.01,3.89,19.09,85.18,0,54.27,185.67,110703,农林牧渔,szcy,C,2023-04-25,[],0,0,buy,A,,13.363,24.817,16.2,buy,2029-04-06,2.753,3.286,6001.42,14327.94,13.92,-4.12,,0,15:34:03,00,Y,N,0,0,Y,,2023-10-12 开始转股,计算使用2.8年期 评级为A 债参考YTM：6.9631,N,3.29,全价：131.396 最后更新：15:34:03,,,,0,{'M': ''},0,0,N,,,buy,buy
2026-07-06 11:47:46,113652,伟22转债,w22zz,132.154,0.78,603568,伟明环保,wmhb,16.27,3.76,2.17,19.0,85.63,0,54.33,186.48,760103,环保,shmb,C,2022-08-12,[],0,0,buy,AA,,13.3,24.7,4.4,buy,2028-07-22,2.047,14.766,7825.9,26463.75,4.02,-7.39,,0,14:59:50,00,Y,N,2,2,Y,转股价下修2次，成功下修2次,2023-01-30 开始转股,计算使用2.1年期 评级为AA 债参考YTM：1.6978,N,14.77,全价：132.154 最后更新：14:59:50,,,,0,{'M': ''},0,0,N,,,buy,buy
2026-07-06 11:47:46,123235,亿田转债,ytzz,144.347,-1.1,300911,亿田智能,ytzn,19.88,-3.96,3.2,21.31,93.29,0,54.73,199.08,330401,家用电器,szcy,C,2024-01-12,[],0,0,buy,A+,,14.917,27.703,12.8,buy,2029-12-21,3.463,4.353,9615.44,11395.28,15.18,-5.41,,0,15:33:57,00,Y,N,0,0,Y,,2024-06-27 开始转股,计算使用3.5年期 评级为A+ 债参考YTM：4.7703,N,5.202,全价：144.347 最后更新：15:33:57,,,,0,{'M': ''},0,0,N,,,buy,buy
2026-07-06 11:47:46,111017,蓝天转债,ltzz,125.865,0.86,605368,蓝天燃气,ltrq,6.49,1.56,1.38,7.98,81.33,0,54.76,180.63,410301,公用事业,shmb,C,2023-09-08,[],0,0,buy,AA,,5.586,10.374,14.5,buy,2029-08-15,3.112,6.715,5135.61,2444.26,6.12,-3.12,,0,14:59:54,00,Y,N,0,0,Y,,2024-02-21 开始转股,计算使用3.2年期 评级为AA 债参考YTM：1.8148,N,8.7,全价：125.865 最后更新：14:59:54,,,,0,[],0,0,N,,,buy,buy
2026-07-06 11:47:46,123252,银邦转债,ybzz,141.37,-1.71,300337,银邦股份,ybgf,11.42,-5.54,5.23,12.51,91.29,0,54.86,196.23,240301,有色金属,szcy,C,2025-01-24,[],0,0,buy,AA-,,8.757,16.263,9.7,buy,2031-01-06,4.507,7.846,4426.61,29559.09,3.97,-4.07,,0,15:33:57,00,Y,N,0,0,Y,,2025-07-14 开始转股,计算使用4.6年期 评级为AA- 债参考YTM：2.5423,N,7.85,全价：141.370 最后更新：15:33:57,,,,0,{'M': ''},0,0,N,,,buy,buy
2026-07-06 11:47:46,118064,联瑞转债,lrzz,472.015,-15.2,688300,联瑞新材,lrxc,192.0,-8.13,25.34,63.05,304.52,8,55.0,527.02,220901,基础化工,shkc,C,2026-01-28,[],0,0,buy,AA,,44.135,81.965,1.5,buy,2032-01-07,5.51,6.95,149750.63,242125.43,43.11,-22.96,,0,15:00:00,00,Y,N,0,0,Y,,未到转股期；2026-07-14 开始转股,计算使用5.6年期 评级为AA 债参考YTM：2.1270,N,6.95,全价：472.015 最后更新：15:00:00,,,,0,{'M': ''},0,0,N,,,buy,buy
2026-07-06 11:47:46,127038,国微转债,gwzz,133.1,-1.92,002049,紫光国微,zggw,83.2,1.76,5.01,96.99,85.78,0,55.16,188.26,270104,电子,szmb,C,2021-07-14,[],0,0,buy,AA+,,67.893,126.087,2.1,buy,2027-06-10,0.929,14.915,16542.14,420667.74,8.34,-18.74,,0,15:34:51,00,Y,N,0,0,Y,,2021-12-17 开始转股,计算使用1.0年期 评级为AA+ 债参考YTM：1.5350,N,15.0,全价：133.100 最后更新：15:34:51,,,,1,{'M': ''},0,0,N,,,buy,buy
2026-07-06 11:47:46,113659,莱克转债,lkzz,128.709,-3.17,603355,莱克电气,lkdq,26.25,-8.22,2.62,31.72,82.76,0,55.53,184.24,330302,家用电器,shmb,C,2022-11-15,[],0,0,buy,AA,,22.204,41.236,8.0,buy,2028-10-14,2.277,11.998,7929.17,7544.41,5.07,-5.55,,0,14:59:54,00,Y,N,0,0,Y,,2023-04-20 开始转股,计算使用2.3年期 评级为AA 债参考YTM：1.7194,N,12.0,全价：128.709 最后更新：14:59:54,,,,0,{'M': ''},0,0,N,,,buy,buy
2026-07-06 11:47:46,123257,安克转债,akzz,153.1,1.66,300866,安克创新,akcx,107.03,-0.75,5.59,108.86,98.32,0,55.72,208.82,270503,电子,szcy,C,2025-07-04,[],0,0,buy,AA+,,76.202,141.518,3.4,buy,2031-06-16,4.948,11.047,8583.64,43391.77,5.13,-6.15,,0,15:34:06,00,Y,N,0,0,Y,,2025-12-22 开始转股,计算使用5.0年期 评级为AA+ 债参考YTM：1.8544,N,11.048,全价：153.100 最后更新：15:34:06,,,,0,{'M': ''},0,0,N,,,buy,buy
2026-07-06 11:47:46,111020,合顺转债,hszz,136.688,-0.94,605166,聚合顺,jhs,9.24,-1.81,1.45,10.53,87.75,0,55.77,192.46,220406,基础化工,shmb,C,2024-08-15,[],0,0,buy,AA-,,7.371,13.689,11.6,buy,2030-07-22,4.047,3.38,3116.91,8038.74,6.73,-3.28,,0,14:59:40,00,Y,N,0,0,Y,,2025-01-27 开始转股,计算使用4.1年期 评级为AA- 债参考YTM：2.4594,N,3.38,全价：136.688 最后更新：14:59:40,,,,0,[],0,0,N,,,buy,buy
2026-07-06 11:47:46,110090,爱迪转债,adzz,137.343,-1.1,600933,爱柯迪,akd,15.11,-1.82,1.57,17.15,88.11,0,55.89,193.23,280203,汽车,shmb,C,2022-10-28,[],0,0,buy,AA,,12.005,22.295,10.6,buy,2028-09-23,2.219,15.695,3770.86,20176.26,1.74,-8.63,,0,14:59:40,00,Y,N,0,0,Y,,2023-03-29 开始转股,计算使用2.3年期 评级为AA 债参考YTM：1.7194,N,15.7,全价：137.343 最后更新：14:59:40,,,,0,{'M': ''},0,0,N,,,buy,buy
2026-07-06 11:47:46,127108,太能转债,tnzz,126.131,0.23,000591,太阳能,tyn,4.48,-1.32,0.73,5.55,80.72,0,56.26,182.39,410106,公用事业,szmb,C,2025-04-16,[],0,0,buy,AA+,,3.885,7.215,16.9,buy,2031-03-28,4.729,29.498,5361.52,18586.06,1.44,-1.62,,0,15:34:00,00,Y,N,0,0,N,2026-06-25 至 2026-07-07 期间暂停转股：权益分派,2025-10-09 开始转股;2026-06-25 至 2026-07-07 期间暂停转股：权益分派,计算使用4.8年期 评级为AA+ 债参考YTM：1.8335,N,29.5,全价：126.131 最后更新：15:34:00,,,,0,{'M': ''},0,0,N,,,buy,buy
2026-07-06 11:47:46,113640,苏利转债,slzz,130.489,0.73,603585,苏利股份,slgf,14.37,-0.07,1.04,17.21,83.5,0,56.28,186.77,220803,基础化工,shmb,C,2022-03-10,[],0,0,buy,AA-,,12.047,22.373,26.6,buy,2028-02-16,1.616,7.39,6552.7,3960.73,6.81,-6.6,,0,14:59:47,00,Y,N,2,1,N,"转股价下修2次，成功下修1次
2026-06-30 至 2026-07-08 期间暂停转股：权益分派
转股价17.210生效日期2026-06-22",2022-08-22 开始转股;2026-06-30 至 2026-07-08 期间暂停转股：权益分派,计算使用1.7年期 评级为AA- 债参考YTM：1.9567,N,9.572,全价：130.489 最后更新：14:59:47,,,,1,[],0,0,N,,,buy,buy
2026-07-06 11:47:46,127072,博实转债,bszz,138.65,-0.83,002698,博实股份,bsgf,13.33,-2.98,3.21,15.06,88.51,0,56.64,195.29,640701,机械设备,szmb,C,2022-11-03,[],0,0,buy,AA,,10.542,19.578,4.0,buy,2028-09-22,2.216,4.498,3754.95,32992.84,6.05,-8.13,,0,15:34:45,00,Y,N,0,0,Y,,2023-03-28 开始转股,计算使用2.3年期 评级为AA 债参考YTM：1.7194,N,4.5,全价：138.650 最后更新：15:34:45,,,,0,{'M': ''},0,0,N,,,buy,buy
2026-07-06 11:47:46,113688,国检转债,gjzz,135.876,-0.92,603060,国检集团,gjjt,5.59,-1.76,2.15,6.45,86.67,0,56.78,192.66,460802,社会服务,shmb,C,2024-11-12,[],0,0,buy,AA+,,4.515,8.385,17.8,buy,2030-10-17,4.285,7.997,3369.44,3926.78,3.09,-3.62,,0,14:59:33,00,Y,N,0,0,Y,,2025-04-23 开始转股,计算使用4.3年期 评级为AA+ 债参考YTM：1.7798,N,8.0,全价：135.876 最后更新：14:59:33,,,,0,[],0,0,N,,,buy,buy
2026-07-06 11:47:46,110087,天业转债,tyzz,123.767,2.11,600075,新疆天业,xjty,4.42,4.0,0.82,5.6,78.93,0,56.81,180.58,220202,基础化工,shmb,C,2022-07-19,[],0,0,buy,AA+,,3.92,7.28,39.7,buy,2028-06-23,1.967,29.975,10479.5,16345.13,2.83,-5.96,,0,14:59:57,00,Y,N,1,1,Y,转股价下修1次，成功下修1次,2022-12-29 开始转股,计算使用2.0年期 评级为AA+ 债参考YTM：1.6268,N,30.0,全价：123.767 最后更新：14:59:57,,,,1,{'M': ''},0,0,N,,,buy,buy
2026-07-06 11:47:46,123194,百洋转债,byzz,132.899,1.05,301015,百洋医药,byyy,20.98,2.59,4.26,24.79,84.63,0,57.03,189.93,370402,医药生物,szcy,C,2023-05-05,[],0,0,buy,AA-,,17.353,32.227,7.7,buy,2029-04-14,2.775,8.459,5064.72,22819.31,4.51,-4.71,,0,15:34:06,00,Y,N,0,0,Y,,2023-10-20 开始转股,计算使用2.8年期 评级为AA- 债参考YTM：2.2655,N,8.6,全价：132.899 最后更新：15:34:06,,,,0,{'M': ''},0,0,N,,,buy,buy
2026-07-06 11:47:46,123253,永贵转债,ygzz,137.625,-1.4,300351,永贵电器,ygdq,15.91,-8.19,2.5,18.19,87.47,0,57.35,194.98,640501,机械设备,szcy,C,2025-03-28,[],0,0,buy,AA-,,12.733,23.647,23.4,buy,2031-03-13,4.688,9.798,9737.27,55455.89,7.19,-3.35,,0,15:34:00,00,Y,N,0,0,Y,,2025-09-19 开始转股,计算使用4.7年期 评级为AA- 债参考YTM：2.5608,N,9.8,全价：137.625 最后更新：15:34:00,,,,0,{'M': ''},0,0,N,,,buy,buy
2026-07-06 11:47:46,123071,天能转债,tnzz,115.56,-0.14,300569,天能重工,tnzg,4.9,-2.0,0.93,6.68,73.35,0,57.54,173.1,630602,电力设备,szcy,C,2020-11-25,[],0,0,buy,AA-,,4.676,8.684,13.9,buy,2026-10-21,0.293,6.937,2962.25,8273.1,3.69,-1.67,,0,15:34:21,00,Y,N,2,2,Y,转股价下修2次，成功下修2次,2021-04-27 开始转股,计算使用0.3年期 评级为AA- 债参考YTM：1.7286,N,7.0,全价：115.560 最后更新：15:34:21,,,,1,{'M': ''},0,0,N,,,buy,buy
2026-07-06 11:47:46,127093,章鼓转债,zgzz,128.084,-0.86,002598,ST章鼓,sdzg,6.82,-2.43,1.61,8.4,81.19,0,57.76,185.84,640106,机械设备,szmb,C,2023-11-03,[],0,0,buy,A,,5.88,10.92,12.4,buy,2029-10-17,3.285,2.425,1267.84,3708.63,4.06,-2.5,,0,15:34:39,00,Y,N,1,1,Y,转股价下修1次，成功下修1次,2024-04-23 开始转股,计算使用3.3年期 评级为A 债参考YTM：7.1000,N,2.43,全价：128.084 最后更新：15:34:39,,,,0,[],0,0,N,,,buy,buy
2026-07-06 11:47:46,127054,双箭转债,sjzz,125.074,-0.08,002381,双箭股份,sjgf,5.46,-0.18,1.04,6.96,78.45,0,59.43,184.5,220602,基础化工,szmb,C,2022-03-15,[],0,0,buy,AA,,4.872,9.048,29.2,buy,2028-02-11,1.603,5.136,3017.17,1881.55,4.69,-5.79,,0,15:34:27,00,Y,N,0,0,Y,,2022-08-17 开始转股,计算使用1.7年期 评级为AA 债参考YTM：1.6465,N,5.136,全价：125.074 最后更新：15:34:27,,,,1,[],0,0,N,,,buy,buy
2026-07-06 11:47:46,110093,神马转债,smzz,121.502,0.54,600810,神马股份,smgf,6.15,-1.76,0.72,8.08,76.11,0,59.63,181.13,220406,基础化工,shmb,C,2023-04-20,[],0,0,buy,AAA,,5.656,10.504,33.4,buy,2029-03-16,2.696,22.199,4764.02,6752.39,1.77,-3.68,,0,14:59:54,00,Y,N,0,0,Y,,2023-09-22 开始转股,计算使用2.7年期 评级为AAA 债参考YTM：1.6320,N,30.0,全价：121.502 最后更新：14:59:54,,,,0,{'M': ''},0,0,N,,,buy,buy
2026-07-06 11:47:46,111021,奥锐转债,arzz,137.488,0.75,605116,奥锐特,art,21.05,0.96,3.15,24.6,85.57,0,60.67,198.16,370101,医药生物,shmb,C,2024-08-15,[],0,0,buy,AA-,,17.22,31.98,9.5,buy,2030-07-26,4.058,8.121,4491.74,11698.67,4.02,-3.42,,0,14:59:47,00,Y,N,0,0,Y,,2025-02-05 开始转股,计算使用4.1年期 评级为AA- 债参考YTM：2.4594,N,8.121,全价：137.488 最后更新：14:59:47,,,,0,[],0,0,N,,,buy,buy
2026-07-06 11:47:46,123268,本川转债,bczz,237.2,-4.18,300964,本川智能,bczn,79.7,-4.44,8.35,54.13,147.24,109,61.1,298.3,270202,电子,szcy,C,2026-05-07,[],0,0,buy,AA-,,37.891,70.369,6.8,buy,2032-04-16,5.784,4.69,39141.45,54123.37,34.84,-11.39,,0,15:34:18,00,Y,N,0,0,Y,,未到转股期；2026-10-23 开始转股,计算使用5.8年期 评级为AA- 债参考YTM：3.3070,N,4.69,全价：237.200 最后更新：15:34:18,,,,0,{'M': ''},0,0,N,,,buy,buy
2026-07-06 11:47:46,123133,佩蒂转债,pdzz,131.6,0.61,300673,佩蒂股份,pdgf,14.13,2.32,1.86,17.33,81.54,0,61.4,193.0,110404,农林牧渔,szcy,C,2022-01-21,[],0,0,buy,AA-,,12.131,22.529,31.7,buy,2027-12-22,1.463,7.198,3377.98,5480.91,3.58,-7.82,,0,15:34:33,00,Y,N,2,1,Y,转股价下修2次，成功下修1次,2022-06-28 开始转股,计算使用1.5年期 评级为AA- 债参考YTM：1.9149,Y,7.2,全价：131.600 最后更新：15:34:33,,,"按下调到底估算
股东大会：2026-07-10
预估转股价：13.94
预估转股价值：101.36
期权价值：19.40
理论价值：133.24
理论偏离度：-1.25%",1,[],0,0,N,,,buy,buy
2026-07-06 11:47:46,123119,康泰转2,ktz2,123.384,0.21,300601,康泰生物,ktsw,11.97,1.1,1.38,15.69,76.29,0,61.73,185.11,370303,医药生物,szcy,C,2021-08-05,[],0,0,buy,AA,,10.983,20.397,18.5,buy,2027-07-15,1.025,19.99,4526.2,24168.66,1.84,-7.72,,0,15:34:36,00,Y,N,5,5,Y,转股价下修5次，成功下修5次,2022-01-21 开始转股,计算使用1.1年期 评级为AA 债参考YTM：1.5776,N,20.0,全价：123.384 最后更新：15:34:36,,,,1,{'M': ''},0,0,N,,,buy,buy
2026-07-06 11:47:46,118024,冠宇转债,gyzz,129.0,-1.41,688772,珠海冠宇,zhgy,17.93,-7.62,2.69,22.51,79.65,0,61.95,190.95,630701,电力设备,shkc,C,2022-11-17,[],0,0,buy,AA,,15.757,27.012,15.1,buy,2028-10-24,2.304,30.889,10073.61,103715.93,2.52,-4.84,,0,14:59:47,00,Y,N,0,0,Y,,2023-04-28 开始转股,计算使用2.4年期 评级为AA 债参考YTM：1.7301,N,30.89,全价：129.000 最后更新：14:59:47,,,,0,{'M': ''},0,0,N,120%,,buy,buy
2026-07-06 11:47:46,123237,佳禾转债,jhzz,132.36,-0.63,300793,佳禾智能,jhzn,10.97,-3.01,1.48,13.46,81.5,0,62.4,194.76,270504,电子,szcy,C,2024-01-24,[],0,0,buy,A+,,9.422,17.498,10.6,buy,2030-01-04,3.501,4.314,2006.09,8279.98,3.51,-3.45,,0,15:34:42,00,Y,N,1,1,Y,转股价下修1次，成功下修1次,2024-07-10 开始转股,计算使用3.6年期 评级为A+ 债参考YTM：4.7768,N,10.04,全价：132.360 最后更新：15:34:42,,,,0,[],0,0,N,,,buy,buy
2026-07-06 11:47:46,127031,洋丰转债,yfzz,120.403,-0.52,000902,新洋丰,xyf,12.47,1.71,1.26,16.89,73.83,0,63.08,183.48,220805,基础化工,szmb,C,2021-04-23,[],0,0,buy,AA,,11.823,21.957,7.0,buy,2027-03-25,0.718,9.999,7220.79,20892.34,5.98,-9.76,,0,15:34:18,00,Y,N,1,1,Y,转股价下修1次，成功下修1次,2021-10-08 开始转股,计算使用0.8年期 评级为AA 债参考YTM：1.5732,N,10.0,全价：120.403 最后更新：15:34:18,,,,1,{'M': ''},0,0,N,,,buy,buy
2026-07-06 11:47:46,127049,希望转2,xwz2,112.547,0.61,000876,新希望,xxw,7.29,7.52,1.5,10.59,68.84,0,63.49,176.04,110402,农林牧渔,szmb,C,2021-11-29,[],0,0,buy,AAA,,7.413,13.767,24.8,buy,2027-11-02,1.326,81.434,23434.7,78773.06,2.56,-2.69,,0,15:34:15,00,Y,N,1,1,Y,转股价下修1次，成功下修1次,2022-05-09 开始转股,计算使用1.4年期 评级为AAA 债参考YTM：1.5293,N,81.5,全价：112.547 最后更新：15:34:15,,,,1,{'M': ''},0,0,N,,,buy,buy
2026-07-06 11:47:46,127112,尚太转债,stzz,161.731,-0.46,001301,尚太科技,stkj,58.98,-3.61,2.99,60.02,98.27,16,64.58,226.31,630702,电力设备,szmb,C,2026-02-05,[],0,0,buy,AA+,,42.014,78.026,11.3,buy,2032-01-15,5.532,17.34,6400.29,35570.37,2.29,-6.59,,0,15:34:48,00,Y,N,0,0,Y,,未到转股期；2026-07-22 开始转股,计算使用5.6年期 评级为AA+ 债参考YTM：1.9097,N,17.34,全价：161.731 最后更新：15:34:48,,,,0,[],0,0,N,,,buy,buy
2026-07-06 11:47:46,123261,普联转债,plzz,143.63,-1.87,300996,普联软件,plrj,11.29,-4.4,3.38,12.97,87.05,0,65.0,208.63,710401,计算机,szcy,C,2025-12-22,[],0,0,buy,A+,,9.079,16.861,6.5,buy,2031-12-05,5.419,2.429,2532.46,11677.63,7.23,-3.48,,0,15:34:42,00,Y,N,0,0,Y,,2026-06-11 开始转股,计算使用5.5年期 评级为A+ 债参考YTM：5.3435,N,2.43,全价：143.630 最后更新：15:34:42,,,,0,"{'M': '', 'EX': '公司控股股东、实际控制人及其一致行动人竞价、大宗减持10.07% 2026年06月26日公告'}",0,0,N,,,buy,buy
2026-07-06 11:47:46,111003,聚合转债,jhzz,134.891,-0.91,605166,聚合顺,jhs,9.24,-1.81,1.45,11.31,81.7,0,65.11,200.0,220406,基础化工,shmb,C,2022-04-19,[],0,0,buy,AA-,,7.917,14.703,7.0,buy,2028-03-07,1.671,2.035,1990.18,8038.74,7.23,-8.03,,0,14:59:57,00,Y,N,1,1,Y,转股价下修1次，成功下修1次,2022-09-13 开始转股,计算使用1.7年期 评级为AA- 债参考YTM：1.9567,N,2.04,全价：134.891 最后更新：14:59:57,,,,1,[],0,0,N,,,buy,buy
2026-07-06 11:47:46,123259,锦浪转02,jlz02,174.5,-0.6,300763,锦浪科技,jlkj,76.35,0.14,3.34,72.35,105.53,0,65.36,239.86,630503,电力设备,szcy,C,2025-11-06,[],0,0,buy,AA,,50.645,94.055,6.8,buy,2031-10-17,5.285,16.763,12487.57,80219.0,4.25,-7.79,,0,15:34:39,00,Y,N,1,1,Y,转股价下修1次，成功下修1次,2026-04-23 开始转股,计算使用5.3年期 评级为AA 债参考YTM：2.0693,N,16.766,全价：174.500 最后更新：15:34:39,,,,0,"{'G': '本次（2026年4月23日至2026年5月20日）不提前赎回，以2027年5月21日为首个交易日重新计算', 'M': ''}",0,0,N,,,buy,buy
2026-07-06 11:47:46,123155,中陆转债,zlzz,131.53,1.93,301040,中环海陆,zhhl,25.15,4.05,3.25,31.76,79.19,0,66.1,197.63,630602,电力设备,szcy,C,2022-08-31,[],0,0,buy,A+,,22.232,41.288,15.2,buy,2028-08-12,2.104,3.6,6519.63,11014.33,13.92,-4.64,,0,15:34:48,00,Y,N,0,0,Y,,2023-02-20 开始转股,计算使用2.2年期 评级为A+ 债参考YTM：4.4035,N,3.6,全价：131.530 最后更新：15:34:48,,,,0,{'M': ''},0,0,N,,,buy,buy
2026-07-06 11:47:46,123122,富瀚转债,fhzz,130.58,-0.1,300613,富瀚微,fhw,71.7,-0.9,5.55,91.5,78.36,0,66.64,197.22,270104,电子,szcy,C,2021-08-24,[],0,0,buy,A+,,64.05,118.95,3.7,buy,2027-08-06,1.085,5.801,5674.07,77600.59,7.53,-9.79,,0,15:34:33,00,Y,N,0,0,Y,,2022-02-14 开始转股,计算使用1.1年期 评级为A+ 债参考YTM：4.1821,N,5.812,全价：130.580 最后更新：15:34:33,,,,0,{'M': ''},0,0,N,,,buy,buy
2026-07-06 11:47:46,118037,XD上声转,sszz,129.769,-0.38,688533,上声电子,ssdz,22.3,-2.36,2.03,28.64,77.86,0,66.66,196.43,280206,汽车,shkc,C,2023-08-01,[],0,0,buy,A+,,20.048,37.232,12.7,buy,2029-07-06,3.0,4.679,1853.13,2961.96,3.05,-4.12,,0,14:58:31,00,Y,N,2,1,Y,转股价下修2次，成功下修1次,2024-01-12 开始转股,计算使用3.0年期 评级为A+ 债参考YTM：4.6830,N,5.2,全价：129.769 最后更新：14:58:31,,,,0,{'M': ''},0,0,N,,,buy,buy
2026-07-06 11:47:46,123214,东宝转债,dbzz,128.354,-0.68,300239,东宝生物,dbsw,5.08,-2.12,1.73,6.62,76.74,0,67.26,195.61,370304,医药生物,szcy,C,2023-08-18,[],0,0,buy,A+,,4.634,8.606,15.2,buy,2029-07-31,3.071,4.549,1285.0,6383.58,2.2,-2.9,,0,15:34:00,00,Y,N,0,0,Y,,2024-02-05 开始转股,计算使用3.1年期 评级为A+ 债参考YTM：4.7118,N,4.55,全价：128.354 最后更新：15:34:00,,,,0,[],0,0,N,,,buy,buy
2026-07-06 11:47:46,113674,华设转债,hszz,130.063,0.39,603018,华设集团,hsjt,5.4,0.56,0.81,6.95,77.7,0,67.4,197.46,620601,建筑装饰,shmb,C,2023-08-15,[],0,0,buy,AA,,4.865,9.035,9.0,buy,2029-07-21,3.044,3.999,2147.53,3501.12,4.14,-3.69,,0,14:59:12,00,Y,N,0,0,Y,,2024-01-29 开始转股,计算使用3.1年期 评级为AA 债参考YTM：1.8038,N,4.0,全价：130.063 最后更新：14:59:12,,,,0,{'M': ''},0,0,N,,,buy,buy
2026-07-06 11:47:46,118034,晶能转债,jnzz,117.6,0.67,688223,晶科能源,jkny,4.44,-3.48,1.77,6.35,69.92,0,68.19,185.79,630502,电力设备,shkc,C,2023-05-19,[],0,0,buy,AA+,,4.445,7.62,18.3,buy,2029-04-20,2.792,83.22,13905.49,58726.58,1.43,-1.99,,0,14:59:46,00,Y,N,1,1,Y,转股价下修1次，成功下修1次,2023-10-26 开始转股,计算使用2.8年期 评级为AA+ 债参考YTM：1.6883,N,100.0,全价：117.600 最后更新：14:59:46,,,,0,{'M': ''},0,0,N,120%,,buy,buy
2026-07-06 11:47:46,123157,科蓝转债,klzz,125.619,-0.06,300663,科蓝软件,klrj,6.57,-2.23,8.37,8.8,74.66,0,68.26,193.88,710401,计算机,szcy,C,2022-09-20,[],0,0,buy,A-,,6.16,11.44,7.7,buy,2028-08-30,2.153,2.34,2012.28,8751.45,6.86,-2.61,,0,15:34:51,00,Y,N,2,2,Y,转股价下修2次，成功下修2次,2023-03-06 开始转股,计算使用2.2年期 评级为A- 债参考YTM：9.1035,N,4.946,全价：125.619 最后更新：15:34:51,,,,0,{'M': ''},0,0,N,,,buy,buy
2026-07-06 11:47:46,113694,清源转债,qyzz,126.512,-0.28,603628,清源股份,qygf,9.58,-0.52,1.97,12.82,74.73,0,69.3,195.81,630504,电力设备,shmb,C,2025-04-25,[],0,0,buy,A+,,8.974,16.666,19.2,buy,2031-04-08,4.759,4.999,1992.33,3148.53,3.14,-1.35,,0,14:58:41,00,Y,N,0,0,Y,,2025-10-14 开始转股,计算使用4.8年期 评级为A+ 债参考YTM：4.9318,N,5.0,全价：126.512 最后更新：14:58:41,,,,0,{'M': ''},0,0,N,,,buy,buy
2026-07-06 11:47:46,110086,精工转债,jgzz,122.46,0.02,600496,精工钢构,jggg,3.3,0.61,0.69,4.57,72.21,0,69.59,192.05,620401,建筑装饰,shmb,C,2022-05-23,[],0,0,buy,AA,,3.199,5.941,30.5,buy,2028-04-22,1.797,19.999,8635.3,8946.03,3.55,-4.04,,0,14:59:45,00,Y,N,0,0,Y,,2022-10-28 开始转股,计算使用1.8年期 评级为AA 债参考YTM：1.6610,N,20.0,全价：122.460 最后更新：14:59:45,,,,1,{'M': ''},0,0,N,,,buy,buy
2026-07-06 11:47:46,113698,凯众转债,kzzz,140.65,-2.24,603037,凯众股份,kzgf,10.4,-2.35,2.7,12.55,82.87,0,69.73,210.38,280203,汽车,shmb,C,2025-09-10,[],0,0,buy,AA-,,8.785,16.315,11.1,buy,2031-08-15,5.112,3.079,3870.99,5097.67,8.9,-4.13,,0,14:59:40,00,Y,N,0,0,Y,,2026-02-24 开始转股,计算使用5.2年期 评级为AA- 债参考YTM：2.7079,N,3.08,全价：140.650 最后更新：14:59:40,,,,0,[],0,0,N,,,buy,buy
2026-07-06 11:47:46,123224,宇邦转债,ybzz,131.8,-1.37,301266,宇邦新材,ybxc,21.86,-4.21,1.67,28.17,77.6,0,69.84,201.64,630504,电力设备,szcy,C,2023-10-18,[],0,0,buy,A+,,19.719,36.621,9.6,buy,2029-09-19,3.208,2.848,2659.81,7842.92,7.05,-3.02,,0,15:34:27,00,Y,N,1,1,Y,转股价下修1次，成功下修1次,2024-03-25 开始转股,计算使用3.3年期 评级为A+ 债参考YTM：4.7500,N,5.0,全价：131.800 最后更新：15:34:27,,,,0,{'M': ''},0,0,N,,,buy,buy
2026-07-06 11:47:46,127069,小熊转债,xxzz,130.0,0.46,002959,小熊电器,xxdq,33.35,-0.06,1.66,43.71,76.3,0,70.38,200.38,330301,家用电器,szmb,C,2022-09-07,[],0,0,buy,AA-,,30.597,56.823,10.8,buy,2028-08-12,2.104,5.041,2458.31,3113.4,3.76,-4.17,,0,15:34:33,00,Y,N,1,1,Y,转股价下修1次，成功下修1次,2023-02-20 开始转股,计算使用2.2年期 评级为AA- 债参考YTM：2.0628,N,5.36,全价：130.000 最后更新：15:34:33,,,,0,{'M': ''},0,0,N,,,buy,buy
2026-07-06 11:47:46,113692,保隆转债,blzz,128.817,-0.77,603197,保隆科技,blkj,29.51,-2.38,1.93,39.16,75.36,0,70.94,199.76,280205,汽车,shmb,C,2024-11-27,[],0,0,buy,AA,,27.412,50.908,22.3,buy,2030-10-31,4.323,13.897,4694.31,9181.05,2.62,-2.94,,0,14:59:03,00,Y,N,0,0,Y,,2025-05-06 开始转股,计算使用4.4年期 评级为AA 债参考YTM：1.9535,N,13.9,全价：128.817 最后更新：14:59:03,,,,0,{'M': ''},0,0,N,,,buy,buy
2026-07-06 11:47:46,127111,金威转债,jwzz,127.45,0.0,002626,金达威,jdw,14.24,0.64,1.94,19.19,74.21,0,71.75,199.2,340407,食品饮料,szmb,C,2025-09-08,[],0,0,buy,AA,,13.433,24.947,14.9,buy,2031-08-20,5.126,12.924,8857.28,5665.39,5.4,-2.26,,0,15:34:45,00,Y,N,0,0,Y,,2026-02-26 开始转股,计算使用5.2年期 评级为AA 债参考YTM：2.0524,N,12.924,全价：127.450 最后更新：15:34:45,,,,0,{'M': ''},0,0,N,,,buy,buy
2026-07-06 11:47:46,123215,铭利转债,mlzz,125.817,-0.28,301268,铭利达,mld,14.06,-3.57,3.56,19.2,73.23,0,71.81,197.63,640108,机械设备,szcy,C,2023-08-23,[],0,0,buy,A+,,13.44,24.96,16.8,buy,2029-08-03,3.08,8.555,5439.38,8082.92,5.06,-0.88,,0,15:34:18,00,Y,N,1,1,Y,转股价下修1次，成功下修1次,2024-02-19 开始转股,计算使用3.1年期 评级为A+ 债参考YTM：4.7118,N,10.0,全价：125.817 最后更新：15:34:18,,,,0,{'M': ''},0,0,N,,,buy,buy
2026-07-06 11:47:46,113699,金25转债,j25zz,176.396,0.3,603979,金诚信,jcx,65.14,1.12,3.49,63.46,102.65,0,71.85,248.25,240302,有色金属,shmb,C,2025-10-27,[],0,0,buy,AA,,44.422,82.498,4.9,buy,2031-09-26,5.227,19.998,16918.95,58948.69,4.76,-7.86,,0,14:59:58,00,Y,N,0,0,N,2026-07-01 至 2026-07-08 期间暂停转股：权益分派,2026-04-10 开始转股;2026-07-01 至 2026-07-08 期间暂停转股：权益分派,计算使用5.3年期 评级为AA 债参考YTM：2.0693,N,20.0,全价：176.396 最后更新：14:59:58,,,,0,{'M': ''},0,0,N,,,buy,buy
2026-07-06 11:47:46,123112,万讯转债,wxzz,129.7,-0.23,300112,万讯自控,wxzk,6.23,-2.81,1.82,8.32,74.88,0,73.21,202.91,640107,机械设备,szcy,C,2021-04-23,[],0,0,buy,AA-,,5.824,10.816,15.3,buy,2027-04-08,0.756,2.265,1982.04,5230.73,6.77,-11.97,,0,15:34:33,00,Y,N,1,0,Y,转股价下修1次，成功下修0次,2021-10-14 开始转股,计算使用0.8年期 评级为AA- 债参考YTM：1.8166,Y,2.457,全价：129.700 最后更新：15:34:33,,,"按下调到底估算
股东大会：2026-07-10
预估转股价：6.57
预估转股价值：94.82
期权价值：8.36
理论价值：124.76
理论偏离度：3.81%",1,[],0,0,N,,,buy,buy
2026-07-06 11:47:46,118065,艾为转债,awzz,151.931,0.42,688798,艾为电子,awdz,69.6,-1.02,3.76,79.4,87.66,22,73.32,225.25,270105,电子,shkc,C,2026-02-26,[],0,0,buy,AA+,,55.58,103.22,20.1,buy,2032-01-22,5.551,19.01,8820.28,34441.08,3.07,-5.34,,0,15:00:00,00,Y,N,0,0,Y,,未到转股期；2026-07-28 开始转股,计算使用5.6年期 评级为AA+ 债参考YTM：1.9097,N,19.01,全价：151.931 最后更新：15:00:00,,,,0,{'M': ''},0,0,N,,,buy,buy
2026-07-06 11:47:46,127059,永东转2,ydz2,128.262,-0.01,002753,永东股份,ydgf,6.0,-0.66,0.96,8.11,73.98,0,73.37,201.63,220603,基础化工,szmb,C,2022-05-16,[],0,0,buy,AA-,,5.677,10.543,21.4,buy,2028-04-08,1.759,3.79,1730.59,3332.38,3.57,-5.15,,0,15:34:33,00,Y,N,0,0,Y,,2022-10-14 开始转股,计算使用1.8年期 评级为AA- 债参考YTM：1.9776,N,3.8,全价：128.262 最后更新：15:34:33,,,,1,[],0,0,N,,,buy,buy
2026-07-06 11:47:46,113665,汇通转债,htzz,121.441,-0.3,603176,汇通集团,htjt,4.39,-1.13,1.85,6.28,69.9,0,73.72,195.16,620306,建筑装饰,shmb,C,2023-01-11,[],0,0,buy,A+,,4.396,8.164,17.7,buy,2028-12-15,2.447,3.596,3433.7,1279.67,7.86,-1.02,,0,14:59:16,00,Y,N,1,1,Y,转股价下修1次，成功下修1次,2023-06-21 开始转股,计算使用2.5年期 评级为A+ 债参考YTM：4.5018,N,3.6,全价：121.441 最后更新：14:59:16,,,,0,[],0,0,N,,,buy,buy
2026-07-06 11:47:46,113053,隆22转债,l22zz,122.83,0.55,601012,隆基绿能,ljln,12.35,-1.59,1.84,17.5,70.57,0,74.05,196.88,630502,电力设备,shmb,C,2022-02-17,[],0,0,buy,AAA,,12.25,22.75,7.5,buy,2028-01-05,1.501,69.951,6280.16,123183.64,0.73,-7.96,,0,14:59:07,00,Y,N,1,1,Y,转股价下修1次，成功下修1次,2022-07-11 开始转股,计算使用1.6年期 评级为AAA 债参考YTM：1.5518,N,70.0,全价：122.830 最后更新：14:59:07,,,,1,{'M': ''},0,0,N,,,buy,buy
2026-07-06 11:47:46,111004,明新转债,mxzz,126.565,-1.16,605068,XD明新旭,mxxt,17.69,-7.24,1.7,24.37,72.59,0,74.36,200.93,280202,汽车,shmb,C,2022-04-25,[],0,0,buy,AA-,,17.059,31.681,23.4,buy,2028-03-30,1.734,6.715,12783.06,10950.54,15.03,-4.25,,0,14:59:39,00,Y,N,0,0,Y,,2022-10-10 开始转股,计算使用1.8年期 评级为AA- 债参考YTM：1.9776,N,6.73,全价：126.565 最后更新：14:59:39,,,,1,[],0,0,N,,,buy,buy
2026-07-06 11:47:46,113696,伯25转债,b25zz,133.769,-0.24,603596,伯特利,btl,26.7,-3.44,2.9,35.16,75.94,0,76.15,209.92,280203,汽车,shmb,C,2025-07-28,[],0,0,buy,AA,,24.612,45.708,11.7,buy,2031-07-01,4.989,28.017,9117.36,68352.73,2.43,-3.29,,0,14:59:55,00,Y,N,0,0,Y,,2026-01-07 开始转股,计算使用5.0年期 评级为AA 债参考YTM：2.0244,N,28.02,全价：133.769 最后更新：14:59:55,,,,0,{'M': ''},0,0,N,,,buy,buy
2026-07-06 11:47:46,127102,浙建转债,zjzz,120.634,-0.01,002761,浙江建投,zjjt,6.96,0.14,0.87,10.22,68.1,0,77.14,197.77,620101,建筑装饰,szmb,C,2024-01-16,[],0,0,buy,AA+,,7.154,13.286,13.2,buy,2029-12-25,3.474,9.951,3328.17,5126.01,2.77,-2.18,,0,15:34:21,00,Y,N,0,0,Y,,2024-07-01 开始转股,计算使用3.5年期 评级为AA+ 债参考YTM：1.7328,N,10.0,全价：120.634 最后更新：15:34:21,,,,0,{'M': ''},0,0,N,,,buy,buy
2026-07-06 11:47:46,123223,九典转02,jdz02,131.989,0.58,300705,九典制药,jdzy,10.77,1.32,2.0,14.55,74.02,0,78.31,210.3,370102,医药生物,szcy,C,2023-10-13,[],0,0,buy,A+,,10.185,18.915,5.2,buy,2029-09-15,3.197,2.053,1610.95,11102.44,5.96,-3.52,,0,15:34:24,00,Y,N,0,0,Y,,2024-03-21 开始转股,计算使用3.2年期 评级为A+ 债参考YTM：4.7337,N,3.6,全价：131.989 最后更新：15:34:24,,,,0,[],0,0,N,,,buy,buy
2026-07-06 11:47:46,111018,华康转债,hkzz,124.9,0.84,605077,华康股份,hkgf,11.13,-0.18,1.03,15.96,69.74,0,79.1,204.0,220315,基础化工,shmb,C,2024-01-15,[],0,0,buy,AA-,,11.172,20.748,39.1,buy,2029-12-25,3.474,13.022,6110.34,5157.3,3.77,-1.34,,0,14:58:59,00,Y,N,0,0,Y,,2024-07-01 开始转股,计算使用3.5年期 评级为AA- 债参考YTM：2.4153,N,13.03,全价：124.900 最后更新：14:58:59,,,,0,[],0,0,N,,,buy,buy
2026-07-06 11:47:46,113702,斯达转债,sdzz,216.597,1.19,603290,斯达半导,sdbd,126.71,-2.04,4.36,104.79,120.92,108,79.13,295.73,270102,电子,shmb,C,2026-05-11,[],0,0,buy,AA+,,73.353,136.227,4.9,buy,2032-04-15,5.781,15.0,81056.57,158235.9,24.84,-10.95,,0,14:59:59,00,Y,N,0,0,Y,,未到转股期；2026-10-22 开始转股,计算使用5.8年期 评级为AA+ 债参考YTM：1.9275,N,15.0,全价：216.597 最后更新：14:59:59,,,,0,{'M': ''},0,0,N,,,buy,buy
2026-07-06 11:47:46,123104,卫宁转债,wnzz,129.599,0.12,300253,卫宁健康,wnjk,6.82,-1.59,2.68,9.44,72.25,0,79.39,208.99,710401,计算机,szcy,C,2021-03-31,[],0,0,buy,AA,,6.608,12.272,7.7,buy,2027-03-16,0.693,9.699,5377.03,28300.93,4.3,-10.73,,0,15:34:21,00,Y,N,2,1,Y,转股价下修2次，成功下修1次,2021-09-22 开始转股,计算使用0.7年期 评级为AA 债参考YTM：1.5681,Y,9.703,全价：129.599 最后更新：15:34:21,,,"按下调到底估算
股东大会：2026-07-08
预估转股价：7.04
预估转股价值：96.88
期权价值：15.73
理论价值：134.44
理论偏离度：-3.74%",1,{'M': ''},0,0,N,,,buy,buy
2026-07-06 11:47:46,123263,鼎捷转债,djzz,142.43,-2.39,300378,鼎捷数智,djsz,34.46,-4.96,3.98,43.42,79.36,0,79.46,221.89,710402,计算机,szcy,C,2025-12-31,[],0,0,buy,AA,,,56.446,8.9,buy,2031-12-15,5.447,8.275,7868.21,37564.96,6.64,-4.13,,0,15:34:48,00,Y,N,0,0,Y,,2026-06-22 开始转股,计算使用5.5年期 评级为AA 债参考YTM：2.1070,N,8.28,全价：142.430 最后更新：15:34:48,,,,0,{'M': ''},0,0,N,,,buy,buy
2026-07-06 11:47:46,127083,山路转债,slzz,118.396,1.09,000498,山东路桥,sdlq,4.89,2.73,0.28,7.42,65.9,0,79.65,198.05,620306,建筑装饰,szmb,C,2023-04-26,[],0,0,buy,AAA,,5.194,9.646,68.2,buy,2029-03-24,2.718,48.359,4750.78,4545.43,0.83,-2.29,,0,15:34:27,00,Y,N,0,0,Y,,2023-10-09 开始转股,计算使用2.8年期 评级为AAA 债参考YTM：1.6352,N,48.36,全价：118.396 最后更新：15:34:27,,,,0,{'M': ''},0,0,N,,,buy,buy
2026-07-06 11:47:46,110100,龙建转债,ljzz,123.469,-0.29,600853,龙建股份,ljgf,3.17,-0.31,0.77,4.63,68.47,22,80.33,203.8,620306,建筑装饰,shmb,C,2026-02-12,[],0,0,buy,AA,,3.241,6.019,31.1,buy,2032-01-21,5.548,10.0,1479.6,2297.04,1.2,-1.52,,0,14:59:35,00,Y,N,0,0,Y,,未到转股期；2026-07-28 开始转股,计算使用5.6年期 评级为AA 债参考YTM：2.1270,N,10.0,全价：123.469 最后更新：14:59:35,,,,0,[],0,0,N,,,buy,buy
2026-07-06 11:47:46,118020,芳源转债,fyzz,116.173,0.75,688148,芳源股份,fygf,9.0,-1.32,8.37,14.0,64.29,0,80.71,196.88,630702,电力设备,shkc,C,2022-11-07,[],0,0,buy,BBB,,9.8,18.2,14.0,buy,2028-09-23,2.219,6.417,3350.04,23994.75,4.5,3.86,,0,14:59:45,00,Y,N,1,1,Y,转股价下修1次，成功下修1次,2023-03-29 开始转股,计算使用2.3年期 评级为BBB 债参考YTM：15.3966,N,6.42,全价：116.173 最后更新：14:59:45,,,,0,{'M': ''},0,0,N,,,buy,buy
2026-07-06 11:47:46,123220,易瑞转债,yrzz,129.632,-0.67,300942,易瑞生物,yrsw,6.29,-4.26,2.85,8.85,71.07,0,82.39,212.02,370504,医药生物,szcy,C,2023-09-06,[],0,0,buy,A+,,6.195,11.505,11.4,buy,2029-08-18,3.121,2.907,3342.06,10064.9,8.83,-2.78,,0,15:34:39,00,Y,N,1,1,Y,转股价下修1次，成功下修1次,2024-02-26 开始转股,计算使用3.2年期 评级为A+ 债参考YTM：4.7337,N,3.28,全价：129.632 最后更新：15:34:39,,,,0,{'M': ''},0,0,N,,,buy,buy
2026-07-06 11:47:46,123271,通合转债,thzz,180.977,-1.51,300491,通合科技,thkj,32.91,-3.69,4.84,33.18,99.19,155,82.46,263.44,630306,电力设备,szcy,C,2026-06-17,[],0,0,buy,AA,,23.226,43.134,10.1,buy,2032-06-01,5.91,5.219,22502.6,28438.5,23.56,-6.96,,0,15:34:06,00,Y,N,0,0,Y,,未到转股期；2026-12-08 开始转股,计算使用6.0年期 评级为AA 债参考YTM：2.2056,N,5.22,全价：180.977 最后更新：15:34:06,,,,0,[],0,0,N,,,buy,buy
2026-07-06 11:47:46,118063,金05转债,j05zz,170.729,1.82,688676,金盘科技,jpkj,82.74,4.02,7.1,88.6,93.39,0,82.82,253.55,630801,电力设备,shkc,C,2026-01-14,[],0,0,buy,AA+,,62.02,115.18,4.4,buy,2031-12-25,5.474,16.709,17305.19,138114.51,6.0,-7.57,,0,14:59:57,00,Y,N,0,0,Y,,2026-07-01 开始转股,计算使用5.5年期 评级为AA+ 债参考YTM：1.9007,N,16.71,全价：170.729 最后更新：14:59:57,,,,0,{'M': ''},0,0,N,,,buy,buy
2026-07-06 11:47:46,113648,巨星转债,jxzz,123.26,1.72,603477,巨星农牧,jxnm,16.73,9.99,3.18,24.84,67.35,0,83.01,206.27,110702,农林牧渔,shmb,C,2022-05-17,[],0,0,buy,AA-,,17.388,32.292,10.5,buy,2028-04-25,1.806,8.997,12206.36,57483.24,11.0,-5.11,,0,14:59:52,00,Y,N,0,0,Y,,2022-10-31 开始转股,计算使用1.9年期 评级为AA- 债参考YTM：1.9978,N,10.0,全价：123.260 最后更新：14:59:52,,,,0,{'M': ''},0,0,Y,,,buy,buy
2026-07-06 11:47:46,118052,浩瀚转债,hhzz,136.809,-1.33,688292,浩瀚深度,hhsd,18.06,-4.04,2.84,24.2,74.63,0,83.32,220.13,710103,计算机,shkc,C,2025-04-07,[],0,0,buy,A+,,16.94,31.46,12.4,buy,2031-03-13,4.688,3.539,1509.38,4906.31,3.1,-2.86,,0,14:59:40,00,Y,N,0,0,Y,,2025-09-19 开始转股,计算使用4.7年期 评级为A+ 债参考YTM：4.9151,N,3.54,全价：136.809 最后更新：14:59:40,,,,0,{'M': ''},0,0,N,,,buy,buy
2026-07-06 11:47:46,111024,澳弘转债,ahzz,171.671,0.66,605058,澳弘电子,ahdz,31.19,-4.06,2.42,33.54,92.99,0,84.61,256.28,270202,电子,shmb,C,2026-01-16,[],0,0,buy,AA-,,23.478,43.602,13.0,buy,2031-12-11,5.436,5.799,5356.96,10679.95,5.38,-7.08,,0,14:59:44,00,Y,N,0,0,Y,,2026-06-17 开始转股,计算使用5.5年期 评级为AA- 债参考YTM：2.9947,N,5.8,全价：171.671 最后更新：14:59:44,,,,0,[],0,0,N,,,buy,buy
2026-07-06 11:47:46,128138,侨银转债,qyzz,130.05,0.0,002973,侨银股份,qygf,10.28,-6.46,1.61,14.64,70.22,0,85.21,215.26,760103,环保,szmb,C,2020-12-24,[],0,0,buy,A+,,10.248,19.032,12.9,buy,2026-11-17,0.367,4.199,3271.21,7055.93,5.99,-0.11,,0,15:34:18,00,Y,N,3,2,Y,转股价下修3次，成功下修2次,2021-05-24 开始转股,计算使用0.4年期 评级为A+ 债参考YTM：4.0947,Y,4.2,全价：130.050 最后更新：15:34:18,,,"按下调到底估算
股东大会：2026-07-17
预估转股价：11.67
预估转股价值：88.09
期权价值：4.25
理论价值：132.35
理论偏离度：-1.77%",1,[],0,0,N,,,buy,buy
2026-07-06 11:47:46,113647,禾丰转债,hfzz,119.716,1.32,603609,禾丰股份,hfgf,6.49,2.53,0.89,10.09,64.32,0,86.12,205.84,110402,农林牧渔,shmb,C,2022-05-18,[],0,0,buy,AA,,7.063,13.117,24.9,buy,2028-04-22,1.797,14.669,6758.2,2693.76,3.85,-2.81,,0,14:59:12,00,Y,N,0,0,Y,,2022-10-28 开始转股,计算使用1.8年期 评级为AA 债参考YTM：1.6610,N,15.0,全价：119.716 最后更新：14:59:12,,,,0,{'M': ''},0,0,N,,,buy,buy
2026-07-06 11:47:46,118015,芯海转债,xhzz,132.332,-0.94,688595,芯海科技,xhkj,39.18,-2.15,7.92,55.22,70.95,0,86.51,218.84,270104,电子,shkc,C,2022-08-18,[],0,0,buy,A+,,38.654,71.786,7.3,buy,2028-07-21,2.044,4.1,2376.39,29039.84,4.37,-5.11,,0,14:59:51,00,Y,N,0,0,Y,,2023-01-30 开始转股,计算使用2.1年期 评级为A+ 债参考YTM：4.3777,N,4.1,全价：132.332 最后更新：14:59:51,,,,0,{'M': ''},0,0,N,,,buy,buy
2026-07-06 11:47:46,113616,韦尔转债,wezz,114.354,-0.4,603501,豪威集团,hwjt,97.0,-5.18,3.69,159.02,61.0,0,87.47,201.82,270104,电子,shmb,C,2021-01-22,[],0,0,buy,AA+,,111.314,206.726,2.1,buy,2026-12-28,0.48,24.324,8730.21,345902.27,3.14,-7.94,,0,14:59:29,00,Y,N,0,0,Y,,2021-07-05 开始转股,计算使用0.5年期 评级为AA+ 债参考YTM：1.5049,N,24.4,全价：114.354 最后更新：14:59:29,,,,0,{'M': ''},0,0,N,,,buy,buy
2026-07-06 11:47:46,123144,裕兴转债,yxzz,120.675,-0.43,300305,裕兴股份,yxgf,5.46,-8.08,1.02,8.5,64.24,0,87.86,208.54,220505,基础化工,szcy,C,2022-04-27,[],0,0,buy,A,,5.95,11.05,34.2,buy,2028-04-11,1.767,5.997,3018.86,11002.57,4.17,-1.75,,0,15:34:36,00,Y,N,1,1,Y,转股价下修1次，成功下修1次,2022-10-17 开始转股,计算使用1.8年期 评级为A 债参考YTM：6.6660,N,6.0,全价：120.675 最后更新：15:34:36,,,,1,[],0,0,N,,,buy,buy
2026-07-06 11:47:46,113627,太平转债,tpzz,117.918,0.62,603877,太平鸟,tpn,12.87,0.94,1.31,20.58,62.54,0,88.56,206.48,350209,纺织服饰,shmb,C,2021-08-06,[],0,0,buy,AA,,14.406,26.754,13.2,buy,2027-07-15,1.025,7.997,3535.28,2067.55,3.75,-5.16,,0,14:58:41,00,Y,N,1,1,Y,转股价下修1次，成功下修1次,2022-01-21 开始转股,计算使用1.1年期 评级为AA 债参考YTM：1.5776,N,8.0,全价：117.918 最后更新：14:58:41,,,,0,{'M': ''},0,0,N,,,buy,buy
2026-07-06 11:47:46,113655,欧22转债,o22zz,120.275,0.53,603833,欧派家居,opjj,32.53,0.65,1.05,51.54,63.12,0,90.56,210.84,360308,轻工制造,shmb,C,2022-09-01,[],0,0,buy,AA,,36.078,67.002,10.1,buy,2028-08-05,2.085,19.999,5181.24,6833.78,2.16,-2.05,,0,14:57:18,00,Y,N,1,1,Y,转股价下修1次，成功下修1次,2023-02-13 开始转股,计算使用2.1年期 评级为AA 债参考YTM：1.6978,N,20.0,全价：120.275 最后更新：14:57:18,,,,0,{'M': ''},0,0,N,,,buy,buy
2026-07-06 11:47:46,123272,中汽转债,zqzz,170.504,-5.74,301215,中汽股份,zqgf,5.35,-0.56,2.39,5.99,89.32,164,90.9,261.4,280303,汽车,szcy,C,2026-06-30,[],0,0,buy,AA+,,4.193,7.787,14.7,buy,2032-06-10,5.934,10.39,123538.46,5036.43,66.36,-6.85,,0,15:34:48,00,Y,N,0,0,Y,,未到转股期；2026-12-17 开始转股,计算使用6.0年期 评级为AA+ 债参考YTM：1.9456,N,10.39,全价：170.504 最后更新：15:34:48,,,,0,{'M': ''},0,0,N,,,buy,buy
2026-07-06 11:47:46,123173,恒锋转债,hfzz,130.077,0.08,300605,恒锋信息,hfxx,9.28,-2.83,3.34,13.77,67.39,0,93.01,223.09,710401,计算机,szcy,C,2023-02-08,[],0,0,buy,BBB+,,9.639,17.901,19.9,buy,2028-12-30,2.488,2.331,1377.41,5331.03,4.54,-3.49,,0,15:34:45,00,Y,N,1,0,Y,转股价下修1次，成功下修0次,2023-07-06 开始转股,计算使用2.5年期 评级为BBB+ 债参考YTM：12.3656,Y,2.424,全价：130.077 最后更新：15:34:45,,,"按下调到底估算
股东大会：2026-07-09
预估转股价：9.95
预估转股价值：93.27
期权价值：25.46
理论价值：115.34
理论偏离度：11.33%",0,[],0,0,N,,,buy,buy
2026-07-06 11:47:46,127056,中特转债,ztzz,119.783,0.75,000708,中信特钢,zxtg,13.5,2.9,1.51,21.78,61.98,0,93.25,213.03,230501,钢铁,szmb,C,2022-04-15,[],0,0,buy,AAA,,15.246,28.314,7.3,buy,2028-02-25,1.641,49.996,7137.66,22160.26,1.19,-6.39,,0,15:34:30,00,Y,N,0,0,Y,,2022-09-05 开始转股,计算使用1.7年期 评级为AAA 债参考YTM：1.5638,N,50.0,全价：119.783 最后更新：15:34:30,,,,0,{'M': ''},0,0,N,,,buy,buy
2026-07-06 11:47:46,118067,上26转债,s26zz,133.873,-0.67,688533,上声电子,ssdz,22.3,-2.36,2.03,32.25,69.15,80,93.61,227.48,280206,汽车,shkc,C,2026-04-14,[],0,0,buy,A+,,22.575,41.925,8.8,buy,2032-03-17,5.701,3.25,2085.79,2961.96,4.77,-2.24,,0,14:59:47,00,Y,N,0,0,Y,,未到转股期；2026-09-24 开始转股,计算使用5.8年期 评级为A+ 债参考YTM：5.6567,N,3.25,全价：133.873 最后更新：14:59:47,,,,0,{'M': ''},0,0,N,,,buy,buy
2026-07-06 11:47:46,123260,卓镁转债,zmzz,156.002,8.66,301398,星源卓镁,xyzm,42.0,9.78,4.21,52.15,80.54,0,93.7,249.7,280202,汽车,szcy,C,2025-11-24,[],0,0,buy,A+,,36.505,67.795,9.8,buy,2031-11-07,5.343,4.499,141698.47,25922.91,198.41,-5.03,,0,15:34:12,00,Y,N,0,0,Y,,2026-05-13 开始转股,计算使用5.4年期 评级为A+ 债参考YTM：5.2365,N,4.5,全价：156.002 最后更新：15:34:12,,,,0,{'M': ''},0,0,N,,,buy,buy
2026-07-06 11:47:46,113656,嘉诚转债,jczz,118.367,-0.48,603535,嘉诚国际,jcgj,6.27,-1.42,1.24,10.35,60.58,0,95.39,213.76,420805,交通运输,shmb,C,2022-10-12,[],0,0,buy,A+,,7.245,13.455,25.0,buy,2028-09-01,2.159,7.998,2566.4,2272.98,2.71,0.05,,0,14:59:07,00,Y,N,0,0,Y,,2023-03-07 开始转股,计算使用2.2年期 评级为A+ 债参考YTM：4.4035,N,8.0,全价：118.367 最后更新：14:59:07,,,,0,[],0,0,N,,,buy,buy
2026-07-06 11:47:46,113671,武进转债,wjzz,127.046,-0.58,603878,武进不锈,wjbx,5.1,-2.86,1.1,7.88,64.72,0,96.3,223.35,230403,钢铁,shmb,C,2023-08-03,[],0,0,buy,AA,,5.516,10.244,10.8,buy,2029-07-10,3.014,3.093,2175.34,7405.08,5.54,-3.53,,0,14:58:07,00,Y,N,0,0,Y,,2024-01-15 开始转股,计算使用3.1年期 评级为AA 债参考YTM：1.8038,N,3.1,全价：127.046 最后更新：14:58:07,,,,0,[],0,0,N,,,buy,buy
2026-07-06 11:47:46,123192,科思转债,kszz,126.3,0.76,300856,科思股份,ksgf,11.06,-0.72,1.87,17.32,63.86,0,97.79,224.09,770201,美容护理,szcy,C,2023-05-11,[],0,0,buy,AA-,,12.124,22.516,14.1,buy,2029-04-13,2.773,7.187,2132.82,3669.67,2.36,-2.31,,0,15:34:48,00,Y,N,0,0,Y,,2023-10-19 开始转股,计算使用2.8年期 评级为AA- 债参考YTM：2.2655,N,7.249,全价：126.300 最后更新：15:34:48,,,,0,{'M': ''},0,0,N,,,buy,buy
2026-07-06 11:47:46,118068,迪威转债,dwzz,151.583,0.35,688377,迪威尔,dwe,24.87,-4.09,3.04,32.49,76.55,157,98.03,249.61,640203,机械设备,shkc,C,2026-06-30,[],0,0,buy,AA-,,22.743,42.237,15.6,buy,2032-06-03,5.915,9.08,79005.45,3884.88,57.05,-4.8,,0,15:00:00,00,Y,N,0,0,Y,,未到转股期；2026-12-10 开始转股,计算使用6.0年期 评级为AA- 债参考YTM：3.4456,N,9.08,全价：151.583 最后更新：15:00:00,,,,0,{'M': ''},0,0,N,,,buy,buy
2026-07-06 11:47:46,123138,丝路转债,slzz,124.28,-1.25,300556,丝路视觉,slsj,16.55,-4.45,4.73,26.53,62.38,0,99.22,223.5,710401,计算机,szcy,C,2022-03-22,[],0,0,buy,A-,,18.571,34.489,13.3,buy,2028-03-02,1.658,2.393,2436.14,13903.03,8.14,-3.38,,0,15:34:36,00,Y,N,0,0,Y,,2022-09-08 开始转股,计算使用1.7年期 评级为A- 债参考YTM：8.9936,N,2.4,全价：124.280 最后更新：15:34:36,,,,1,[],0,0,N,,,buy,buy
2026-07-06 11:47:46,113682,益丰转债,yfzz,127.351,1.41,603939,益丰药房,yfyf,20.08,0.6,2.01,31.44,63.87,0,99.4,226.75,370403,医药生物,shmb,C,2024-03-27,[],0,0,buy,AA,,22.008,40.872,7.4,buy,2030-03-04,3.663,17.968,4308.24,23849.36,1.89,-2.96,,0,14:59:30,00,Y,N,0,0,Y,,2024-09-09 开始转股,计算使用3.7年期 评级为AA 债参考YTM：1.8723,N,17.97,全价：127.351 最后更新：14:59:30,,,,0,{'M': ''},0,0,N,,,buy,buy
2026-07-06 11:47:46,118066,统联转债,tlzz,134.538,-2.22,688210,统联精密,tljm,37.6,-4.4,4.68,56.2,66.9,62,101.09,235.63,270504,电子,shkc,C,2026-03-20,[],0,0,buy,AA-,,39.34,73.06,9.4,buy,2032-03-02,5.66,5.76,3517.77,12606.63,4.49,-2.97,,0,14:59:52,00,Y,N,0,0,Y,,未到转股期；2026-09-06 开始转股,计算使用5.7年期 评级为AA- 债参考YTM：3.2105,N,5.76,全价：134.538 最后更新：14:59:52,,,,0,{'M': ''},0,0,N,,,buy,buy
2026-07-06 11:47:46,123193,海能转债,hnzz,125.368,-0.43,300787,海能实业,hnsy,9.02,-3.84,1.66,14.5,62.21,0,101.53,226.9,270504,电子,szcy,C,2023-05-09,[],0,0,buy,AA-,,10.15,18.85,33.8,buy,2029-04-13,2.773,5.997,2945.02,6213.05,3.91,-2.04,,0,15:33:57,00,Y,N,0,0,Y,,2023-10-19 开始转股,计算使用2.8年期 评级为AA- 债参考YTM：2.2655,N,6.0,全价：125.368 最后更新：15:33:57,,,,0,[],0,0,N,,,buy,buy
2026-07-06 11:47:46,123168,惠云转债,hyzz,126.344,0.35,300891,惠云钛业,hyty,6.71,2.13,2.11,10.74,62.48,0,102.23,228.57,220206,基础化工,szcy,C,2022-12-14,[],0,0,buy,AA-,,7.518,13.962,21.9,buy,2028-11-23,2.386,4.899,4309.43,10403.94,6.96,-2.63,,0,15:33:54,00,Y,N,0,0,Y,,2023-05-29 开始转股,计算使用2.4年期 评级为AA- 债参考YTM：2.1239,N,4.9,全价：126.344 最后更新：15:33:54,,,,0,{'M': ''},0,0,N,,,buy,buy
2026-07-06 11:47:46,123262,神宇转债,syzz,140.996,0.07,300563,神宇股份,sygf,26.92,-3.17,4.13,38.62,69.71,0,102.28,243.28,730205,通信,szcy,C,2025-12-30,[],0,0,buy,AA-,,27.034,50.206,14.2,buy,2031-12-11,5.436,4.999,4518.86,13259.8,6.46,-3.93,,0,15:34:45,00,Y,N,0,0,Y,,2026-06-17 开始转股,计算使用5.5年期 评级为AA- 债参考YTM：2.9947,N,5.0,全价：140.996 最后更新：15:34:45,,,,0,{'M': ''},0,0,N,,,buy,buy
2026-07-06 11:47:46,113634,珀莱转债,plzz,124.773,0.2,603605,珀莱雅,bly,58.86,-1.75,3.64,95.46,61.66,0,102.36,227.13,770202,美容护理,shmb,C,2022-01-04,[],0,0,buy,AA,,66.822,124.098,3.2,buy,2027-12-08,1.425,7.507,3811.24,26998.46,4.08,-4.59,,0,14:59:34,00,Y,N,0,0,Y,,2022-06-14 开始转股,计算使用1.5年期 评级为AA 债参考YTM：1.6176,N,7.517,全价：124.773 最后更新：14:59:34,,,,1,{'M': ''},0,0,N,,,buy,buy
2026-07-06 11:47:46,123265,耐普转02,npz02,132.794,0.01,300818,耐普矿机,npkj,19.35,-1.02,2.24,29.5,65.59,16,102.45,235.24,640103,机械设备,szcy,C,2026-01-30,[],0,0,buy,A+,,20.65,38.35,16.4,buy,2032-01-15,5.532,4.5,2557.52,8714.66,4.26,-2.01,,0,15:34:12,00,Y,N,0,0,Y,,未到转股期；2026-07-22 开始转股,计算使用5.6年期 评级为A+ 债参考YTM：5.4534,N,4.5,全价：132.794 最后更新：15:34:12,,,,0,[],0,0,N,,,buy,buy
2026-07-06 11:47:46,123266,博士转债,bszz,136.286,-1.08,300622,博士眼镜,bsyj,14.46,-2.1,4.87,21.54,67.13,80,103.02,239.31,450401,商贸零售,szcy,C,2026-04-07,[],0,0,buy,AA,,15.078,28.002,11.7,buy,2032-03-17,5.701,3.75,2386.96,7004.23,4.65,-2.89,,0,15:34:15,00,Y,N,0,0,Y,,未到转股期；2026-09-24 开始转股,计算使用5.8年期 评级为AA 债参考YTM：2.1673,N,3.75,全价：136.286 最后更新：15:34:15,,,,0,[],0,0,N,,,buy,buy
2026-07-06 11:47:46,127060,湘佳转债,xjzz,119.28,0.57,002982,湘佳股份,xjgf,12.27,1.74,1.43,21.03,58.35,0,104.44,223.72,110703,农林牧渔,szmb,C,2022-06-10,[],0,0,buy,A+,,14.721,27.339,40.1,buy,2028-04-19,1.789,6.399,2520.42,7831.66,3.31,-3.68,,0,15:34:36,00,Y,N,0,0,Y,,2022-10-25 开始转股,计算使用1.8年期 评级为A+ 债参考YTM：4.3160,N,6.4,全价：119.280 最后更新：15:34:36,,,,0,[],0,0,N,,,buy,buy
2026-07-06 11:47:46,123264,双乐转债,slzz,125.87,0.1,301036,双乐股份,slgf,22.31,-0.13,1.31,36.4,61.29,0,105.36,231.23,220305,基础化工,szcy,C,2026-01-16,[],0,0,buy,AA-,,25.48,47.32,51.5,buy,2031-12-26,5.477,8.0,1154.5,3279.57,1.15,-1.86,,0,15:34:09,00,Y,N,0,0,Y,,2026-07-06 开始转股,计算使用5.5年期 评级为AA- 债参考YTM：2.9947,N,8.0,全价：125.870 最后更新：15:34:09,,,,0,{'M': ''},0,0,N,,,buy,buy
2026-07-06 11:47:46,127085,韵达转债,ydzz,124.598,0.89,002120,韵达股份,ydgf,6.94,1.91,0.93,11.53,60.19,0,107.01,231.61,420804,交通运输,szmb,C,2023-05-23,[],0,0,buy,AA+,,8.071,14.989,12.5,buy,2029-04-11,2.767,24.499,4459.03,25920.24,1.47,-4.06,,0,15:34:30,00,Y,N,0,0,Y,,2023-10-17 开始转股,计算使用2.8年期 评级为AA+ 债参考YTM：1.6883,N,24.5,全价：124.598 最后更新：15:34:30,,,,0,{'M': ''},0,0,N,,,buy,buy
2026-07-06 11:47:46,113625,江山转债,jszz,115.729,0.5,603208,江山欧派,jsop,10.93,-1.89,1.84,19.84,55.09,0,110.07,225.8,360308,轻工制造,shmb,C,2021-07-01,[],0,0,buy,A,,13.888,25.792,30.3,buy,2027-06-11,0.932,5.825,2706.62,2487.03,4.02,2.11,,0,14:59:56,00,Y,N,1,1,Y,转股价下修1次，成功下修1次,2021-12-20 开始转股,计算使用1.0年期 评级为A 债参考YTM：6.5250,N,5.83,全价：115.729 最后更新：14:59:56,,,,1,[],0,0,N,,,buy,buy
2026-07-06 11:47:46,123175,百畅转债,bczz,103.76,3.45,300614,百川畅银,bccy,9.91,-0.5,1.8,20.4,48.58,0,113.59,217.35,760103,环保,szcy,C,2023-03-17,[],0,0,buy,BBB+,,14.28,26.52,26.4,buy,2029-02-22,2.636,4.199,10050.99,2552.77,23.05,4.52,,0,15:34:45,00,Y,N,2,2,Y,转股价下修2次，成功下修2次,2023-08-28 开始转股,计算使用2.7年期 评级为BBB+ 债参考YTM：12.4330,N,4.2,全价：103.760 最后更新：15:34:45,,,,0,{'M': ''},0,0,N,,,buy,buy
2026-07-06 11:47:46,118042,奥维转债,awzz,128.999,-0.69,688516,奥特维,atw,50.52,-6.44,4.15,83.69,60.37,0,113.7,242.7,630505,电力设备,shkc,C,2023-09-01,[],0,0,buy,AA-,,58.583,108.797,7.2,buy,2029-08-10,3.099,11.399,5649.01,55900.75,3.85,-2.54,,0,14:59:23,00,Y,N,0,0,Y,,2024-02-19 开始转股,计算使用3.1年期 评级为AA- 债参考YTM：2.3608,N,11.4,全价：128.999 最后更新：14:59:23,,,,0,{'M': ''},0,0,N,,,buy,buy
2026-07-06 11:47:46,111009,盛泰转债,stzz,122.657,-1.57,605138,盛泰集团,stjt,6.03,0.67,1.3,10.51,57.37,0,113.79,236.45,350209,纺织服饰,shmb,C,2022-12-01,[],0,0,buy,AA,,7.357,13.663,20.9,buy,2028-11-07,2.343,7.011,7345.33,2891.53,8.55,-3.39,,0,14:59:40,00,Y,N,0,0,Y,,2023-05-11 开始转股,计算使用2.4年期 评级为AA 债参考YTM：1.7301,N,7.012,全价：122.657 最后更新：14:59:40,,,,0,[],0,0,N,,,buy,buy
2026-07-06 11:47:46,113700,海天转债,htzz,128.594,-0.72,603759,海天股份,htgf,7.44,-3.38,1.17,12.41,59.95,36,114.5,243.09,760102,环保,shmb,C,2026-03-12,[],0,0,buy,AA,,8.687,16.133,23.3,buy,2032-02-04,5.586,8.01,2480.3,8006.51,2.4,-2.23,,0,14:59:57,00,Y,N,0,0,Y,,未到转股期；2026-08-11 开始转股,计算使用5.6年期 评级为AA 债参考YTM：2.1270,N,8.01,全价：128.594 最后更新：14:59:57,,,,0,[],0,0,N,,,buy,buy
2026-07-06 11:47:46,123229,艾录转债,alzz,128.293,0.0,301062,上海艾录,shal,5.92,-1.0,1.88,9.95,59.5,0,115.63,243.92,360205,轻工制造,szcy,C,2023-11-20,[],0,0,buy,A,,6.965,12.935,10.9,buy,2029-10-23,3.301,1.779,1013.83,5419.68,4.45,-1.98,,0,15:34:30,00,Y,N,0,0,Y,,2024-04-29 开始转股,计算使用3.4年期 评级为A 债参考YTM：7.1117,N,5.0,全价：128.293 最后更新：15:34:30,,,,0,{'M': ''},0,0,N,,,buy,buy
2026-07-06 11:47:46,113701,祥和转债,xhzz,170.485,-1.66,603500,祥和实业,xhsy,10.49,-3.05,3.17,13.37,78.46,65,117.29,287.78,640501,机械设备,shmb,C,2026-03-26,[],0,0,buy,A+,,9.359,17.381,11.5,buy,2032-03-02,5.66,4.0,22928.04,15382.35,33.48,-6.25,,0,15:00:00,00,Y,N,0,0,Y,,未到转股期；2026-09-09 开始转股,计算使用5.7年期 评级为A+ 债参考YTM：5.5599,N,4.0,全价：170.485 最后更新：15:00:00,,,,0,[],0,0,N,,,buy,buy
2026-07-06 11:47:46,123113,仙乐转债,xlzz,115.502,1.03,300791,仙乐健康,xljk,16.56,1.41,1.73,31.66,52.31,0,120.82,236.32,340407,食品饮料,szcy,C,2021-05-14,[],0,0,buy,AA-,,22.162,41.158,24.0,buy,2027-04-19,0.786,10.248,5088.69,2753.94,4.33,-2.76,,0,15:34:30,00,Y,N,0,0,Y,,2021-10-25 开始转股,计算使用0.8年期 评级为AA- 债参考YTM：1.8166,N,10.249,全价：115.502 最后更新：15:34:30,,,,1,[],0,0,N,,,buy,buy
2026-07-06 11:47:46,113650,博22转债,b22zz,125.559,0.43,603916,苏博特,sbt,13.01,-1.36,1.27,23.03,56.49,0,122.26,247.82,220309,基础化工,shmb,C,2022-07-28,[],0,0,buy,AA-,,16.121,29.939,14.6,buy,2028-07-01,1.989,7.996,4193.92,15342.05,4.19,-3.52,,0,14:59:55,00,Y,N,0,0,Y,,2023-01-09 开始转股,计算使用2.0年期 评级为AA- 债参考YTM：2.0168,N,8.0,全价：125.559 最后更新：14:59:55,,,,1,{'M': ''},0,0,N,,,buy,buy
2026-07-06 11:47:46,123196,正元转02,zyz02,122.6,-0.33,300645,正元智慧,zyzh,12.04,-2.03,1.54,21.91,54.95,0,123.1,245.7,710103,计算机,szcy,C,2023-05-19,[],0,0,buy,A+,,15.337,28.483,20.9,buy,2029-04-18,2.786,3.501,1099.01,4363.59,2.56,-1.29,,0,15:34:12,00,Y,N,2,1,Y,转股价下修2次，成功下修1次,2023-10-24 开始转股,计算使用2.8年期 评级为A+ 债参考YTM：4.6131,N,3.507,全价：122.600 最后更新：15:34:12,,,,0,[],0,0,N,,,buy,buy
2026-07-06 11:47:46,113679,芯能转债,xnzz,122.673,-0.62,603105,芯能科技,xnkj,6.9,-2.68,1.51,12.55,54.98,0,123.12,245.79,410106,公用事业,shmb,C,2023-11-24,[],0,0,buy,AA-,,8.785,16.315,25.5,buy,2029-10-26,3.31,8.799,2525.8,6111.3,2.34,-0.81,,0,14:59:54,00,Y,N,0,0,Y,,2024-05-06 开始转股,计算使用3.4年期 评级为AA- 债参考YTM：2.4077,N,8.8,全价：122.673 最后更新：14:59:54,,,,0,{'M': ''},0,0,N,,,buy,buy
2026-07-06 11:47:46,113666,爱玛转债,amzz,121.134,0.2,603529,爱玛科技,amkj,20.05,0.2,1.7,36.95,54.26,0,123.24,244.37,280401,汽车,shmb,C,2023-03-20,[],0,0,buy,AA,,25.865,48.035,11.8,buy,2029-02-23,2.638,19.994,3498.53,7975.75,1.45,-2.54,,0,14:58:01,00,Y,N,0,0,Y,,2023-09-01 开始转股,计算使用2.7年期 评级为AA 债参考YTM：1.7615,N,20.0,全价：121.134 最后更新：14:58:01,,,,0,{'M': ''},0,0,N,,,buy,buy
2026-07-06 11:47:46,123273,三江转债,sjzz,188.76,20.0,301059,金三江,jsj,12.2,3.13,4.31,14.43,84.55,171,123.26,312.02,220309,基础化工,szcy,C,2026-07-03,[],0,0,buy,A+,,10.101,18.759,11.5,buy,2032-06-16,5.951,2.9,784.77,5846.32,1.43,-7.57,,0,15:33:57,00,Y,N,0,0,Y,,未到转股期；2026-12-24 开始转股,计算使用6.0年期 评级为A+ 债参考YTM：5.7956,N,2.9,全价：188.760 最后更新：15:33:57,,,,0,{'M': ''},0,0,N,,,buy,buy
2026-07-06 11:47:46,113638,台21转债,t21zz,123.8,0.25,603055,台华新材,thxc,8.81,1.26,1.44,16.01,55.03,0,124.98,248.78,350106,纺织服饰,shmb,C,2022-01-21,[],0,0,buy,AA,,11.207,20.813,7.7,buy,2027-12-29,1.482,5.997,3746.75,8807.07,5.04,-5.59,,0,14:59:14,00,Y,N,0,0,Y,,2022-07-05 开始转股,计算使用1.5年期 评级为AA 债参考YTM：1.6176,N,6.0,全价：123.800 最后更新：14:59:14,,,,0,{'M': ''},0,0,N,,,buy,buy
2026-07-06 11:47:46,123267,珂玛转债,kmzz,343.011,-11.84,301611,珂玛科技,kmkj,145.9,-2.73,34.76,97.47,149.69,108,129.15,472.16,270103,电子,szcy,C,2026-05-13,[],0,0,buy,AA,,68.229,126.711,3.5,buy,2032-04-15,5.781,7.5,143062.18,175587.67,51.18,-17.55,,0,15:34:51,00,Y,N,0,0,Y,,未到转股期；2026-10-22 开始转股,计算使用5.8年期 评级为AA 债参考YTM：2.1673,N,7.5,全价：343.011 最后更新：15:34:51,,,,0,{'M': ''},0,0,N,,,buy,buy
2026-07-06 11:47:46,118022,锂科转债,lkzz,120.891,1.41,688779,五矿新能,wkxn,8.04,1.13,2.11,15.49,51.9,0,132.91,253.8,630702,电力设备,shkc,C,2022-11-07,[],0,0,buy,AA,,10.843,20.137,21.0,buy,2028-10-11,2.269,32.497,7195.22,29519.14,1.83,-2.87,,0,14:59:47,00,Y,N,0,0,Y,,2023-04-17 开始转股,计算使用2.3年期 评级为AA 债参考YTM：1.7194,N,32.5,全价：120.891 最后更新：14:59:47,,,,0,{'M': ''},0,0,N,,,buy,buy
2026-07-06 11:47:46,113693,志邦转债,zbzz,119.66,0.0,603801,志邦家居,zbjj,5.68,-0.18,0.77,11.13,51.03,0,134.47,254.13,360308,轻工制造,shmb,C,2025-04-08,[],0,0,buy,AA,,7.791,14.469,27.2,buy,2031-03-18,4.701,6.7,1556.18,2564.43,1.94,-0.99,,0,14:57:19,00,Y,N,0,0,Y,,2025-09-24 开始转股,计算使用4.8年期 评级为AA 债参考YTM：2.0008,N,6.7,全价：119.660 最后更新：14:57:19,,,,0,[],0,0,N,,,buy,buy
2026-07-06 11:47:46,127068,顺博转债,sbzz,131.7,1.18,002996,顺博合金,sbhj,6.24,0.32,1.22,11.16,55.91,0,135.54,267.24,240301,有色金属,szmb,C,2022-09-07,[],0,0,buy,AA-,,7.812,14.508,29.0,buy,2028-08-12,2.104,8.3,3137.09,5030.35,2.88,-7.73,,0,15:34:18,00,Y,N,2,1,Y,转股价下修2次，成功下修1次,2023-02-20 开始转股,计算使用2.2年期 评级为AA- 债参考YTM：2.0628,Y,8.3,全价：131.700 最后更新：15:34:18,,,"按下调到底估算
股东大会：2026-07-08
预估转股价：6.29
预估转股价值：99.21
期权价值：20.07
理论价值：127.09
理论偏离度：3.50%",0,[],0,0,N,,,buy,buy
2026-07-06 11:47:46,127044,蒙娜转债,mnzz,120.308,0.04,002918,蒙娜丽莎,mnls,10.0,-2.82,1.24,19.76,50.61,0,137.73,258.04,360306,轻工制造,szmb,C,2021-09-16,[],0,0,buy,AA-,,13.832,25.688,15.7,buy,2027-08-16,1.112,3.368,2684.61,8009.54,6.63,-4.94,,0,15:34:06,00,Y,N,1,1,Y,转股价下修1次，成功下修1次,2022-02-21 开始转股,计算使用1.2年期 评级为AA- 债参考YTM：1.8601,N,11.689,全价：120.308 最后更新：15:34:06,,,,0,[],0,0,N,,,buy,buy
2026-07-06 11:47:46,127062,垒知转债,lzzz,122.247,0.7,002398,垒知集团,lzjt,3.85,-0.77,0.73,7.51,51.27,0,138.46,260.71,610303,建筑材料,szmb,C,2022-05-20,[],0,0,buy,AA-,,5.257,9.763,16.9,buy,2028-04-21,1.795,3.957,1916.2,4257.68,3.97,-2.44,,0,15:34:42,00,Y,N,0,0,Y,,2022-10-27 开始转股,计算使用1.8年期 评级为AA- 债参考YTM：1.9776,N,3.963,全价：122.247 最后更新：15:34:42,,,,0,[],0,0,N,,,buy,buy
2026-07-06 11:47:46,127098,欧晶转债,ojzz,120.062,0.68,001269,欧晶科技,ojkj,20.78,-0.1,5.25,42.0,49.48,0,142.67,262.73,630504,电力设备,szmb,C,2023-12-15,[],0,0,buy,A+,,29.4,54.6,11.7,buy,2029-11-24,3.389,4.693,3981.39,10576.76,7.07,-1.0,,0,15:34:06,00,Y,N,1,1,Y,转股价下修1次，成功下修1次,2024-05-30 开始转股,计算使用3.4年期 评级为A+ 债参考YTM：4.7617,N,4.7,全价：120.062 最后更新：15:34:06,,,,0,[],0,0,N,,,buy,buy
2026-07-06 11:47:46,111014,李子转债,lzzz,120.563,-0.29,605337,李子园,lzy,8.78,0.92,2.02,18.14,48.4,0,149.09,269.65,340701,食品饮料,shmb,C,2023-07-13,[],0,0,buy,AA,,12.698,23.582,17.5,buy,2029-06-20,2.959,5.999,1982.89,2890.03,2.74,-1.52,,0,14:58:55,00,Y,N,0,0,Y,,2023-12-28 开始转股,计算使用3.0年期 评级为AA 债参考YTM：1.7930,N,6.0,全价：120.563 最后更新：14:58:55,,,,0,[],0,0,N,,,buy,buy
2026-07-06 11:47:46,123180,浙矿转债,zkzz,126.843,-0.17,300837,浙矿股份,zkgf,24.03,-2.59,1.65,47.59,50.49,0,151.21,278.05,640203,机械设备,szcy,C,2023-03-28,[],0,0,buy,AA-,,33.313,61.867,17.6,buy,2029-03-09,2.677,3.197,1624.24,4183.42,4.01,-2.55,,0,15:34:00,00,Y,N,0,0,Y,,2023-09-15 开始转股,计算使用2.7年期 评级为AA- 债参考YTM：2.2297,N,3.2,全价：126.843 最后更新：15:34:00,,,,0,[],0,0,N,,,buy,buy
2026-07-06 11:47:46,123090,三诺转债,snzz,112.706,0.04,300298,三诺生物,snsw,14.93,-0.4,2.68,34.52,43.25,0,160.59,273.3,370502,医药生物,szcy,C,2021-01-12,[],0,0,buy,AA,,24.164,44.876,7.5,buy,2026-12-21,0.46,4.984,2047.18,9198.09,3.65,-1.36,,0,15:34:30,00,Y,N,0,0,Y,,2021-06-25 开始转股,计算使用0.5年期 评级为AA 债参考YTM：1.5449,N,5.0,全价：112.706 最后更新：15:34:30,,,,0,{'M': ''},0,0,N,,,buy,buy
2026-07-06 11:47:46,123117,健帆转债,jfzz,114.23,0.33,300529,健帆生物,jfsw,16.67,0.18,3.6,38.15,43.7,0,161.42,275.65,370503,医药生物,szcy,C,2021-07-12,[],0,0,buy,AA,,26.705,49.595,11.7,buy,2027-06-23,0.964,9.998,2116.64,10512.12,1.86,-3.85,,0,15:34:27,00,Y,N,2,2,Y,转股价下修2次，成功下修2次,2021-12-29 开始转股,计算使用1.0年期 评级为AA 债参考YTM：1.5750,N,10.0,全价：114.230 最后更新：15:34:27,,,,1,{'M': ''},0,0,N,,,buy,buy
2026-07-06 11:47:46,113049,长汽转债,cqzz,108.152,0.7,601633,长城汽车,ccqc,15.77,2.6,1.52,39.18,40.25,0,168.7,276.85,280502,汽车,shmb,C,2021-07-08,[],0,0,buy,AAA,,27.426,50.934,3.6,buy,2027-06-10,0.929,34.95,7426.68,36529.37,1.97,-1.15,,0,14:59:07,00,Y,N,0,0,N,2026-07-06 起暂停转股：权益分派,2021-12-17 开始转股;2026-07-06 起暂停转股：权益分派,计算使用1.0年期 评级为AAA 债参考YTM：1.5050,N,35.0,全价：108.152 最后更新：14:59:07,,,,1,{'M': ''},0,0,N,,,buy,buy
2026-07-06 11:47:46,123250,嘉益转债,jyzz,125.0,0.63,301004,嘉益股份,jygf,33.4,1.64,2.63,79.66,41.93,0,198.13,323.13,360311,轻工制造,szcy,C,2024-11-26,[],0,0,buy,A+,,55.762,103.558,8.7,buy,2030-11-07,4.343,3.955,1701.32,5424.76,3.44,-1.21,,0,15:34:06,00,Y,N,0,0,Y,,2025-05-13 开始转股,计算使用4.4年期 评级为A+ 债参考YTM：4.8652,N,3.979,全价：125.000 最后更新：15:34:06,,,,0,{'M': ''},0,0,N,,,buy,buy
2026-07-06 11:47:46,123151,康医转债,kyzz,117.5,0.41,300869,康泰医学,ktyx,10.81,0.0,2.52,27.55,39.24,0,199.46,316.96,370502,医药生物,szcy,C,2022-07-20,[],0,0,buy,A+,,19.285,35.815,24.5,buy,2028-07-01,1.989,6.998,3104.5,4076.0,3.78,0.0,,0,15:34:42,00,Y,N,0,0,Y,,2023-01-09 开始转股,计算使用2.0年期 评级为A+ 债参考YTM：4.3568,N,7.0,全价：117.500 最后更新：15:34:42,,,,1,{'M': ''},0,0,N,,,buy,buy
2026-07-06 11:47:46,128135,洽洽转债,qqzz,114.402,-0.01,002557,洽洽食品,qqsp,20.12,4.03,1.84,54.95,36.62,0,212.44,326.84,340801,食品饮料,szmb,C,2020-11-18,[],0,0,buy,AA,,38.465,71.435,13.2,buy,2026-10-20,0.29,13.398,3364.72,14182.01,2.19,1.82,,0,15:34:30,00,Y,N,0,0,Y,,2021-04-26 开始转股,计算使用0.3年期 评级为AA 债参考YTM：1.5257,N,13.4,全价：114.402 最后更新：15:34:30,,,,1,{'M': ''},0,0,N,,,buy,buy
2026-07-06 11:47:46,113670,金23转债,j23zz,123.588,0.74,603180,金牌家居,jpjj,14.84,-4.07,0.84,37.54,39.53,0,212.63,336.22,360308,轻工制造,shmb,C,2023-05-16,[],0,0,buy,AA,,26.278,48.802,33.6,buy,2029-04-17,2.784,7.7,5119.3,2091.17,5.4,-1.58,,0,14:59:32,00,Y,N,0,0,Y,,2023-10-23 开始转股,计算使用2.8年期 评级为AA 债参考YTM：1.7719,N,7.7,全价：123.588 最后更新：14:59:32,,,,0,[],0,0,N,,,buy,buy
2026-07-06 11:47:46,123154,火星转债,hxzz,119.85,-0.37,300894,火星人,hxr,12.53,0.64,4.84,33.03,37.94,0,215.93,335.78,330401,家用电器,szcy,C,2022-08-23,[],0,0,buy,A+,,23.121,42.939,14.4,buy,2028-08-05,2.085,5.289,6317.46,22055.01,9.96,-0.55,,0,15:34:45,00,Y,N,0,0,Y,,2023-02-13 开始转股,计算使用2.1年期 评级为A+ 债参考YTM：4.3777,N,5.29,全价：119.850 最后更新：15:34:45,,,,0,{'M': ''},0,0,N,,,buy,buy
2026-07-06 11:47:46,113660,寿22转债,s22zz,123.05,-0.76,603896,寿仙谷,sxg,14.33,1.27,1.24,36.84,38.9,0,216.34,339.39,370201,医药生物,shmb,C,2022-12-12,[],0,0,buy,AA-,,25.788,47.892,14.0,buy,2028-11-17,2.37,3.977,1113.74,2919.72,2.27,-2.69,,0,14:59:42,00,Y,N,0,0,Y,,2023-05-23 开始转股,计算使用2.4年期 评级为AA- 债参考YTM：2.1239,N,3.98,全价：123.050 最后更新：14:59:42,,,,0,[],0,0,N,,,buy,buy
2026-07-06 11:47:46,118005,天奈转债,tnzz,124.569,0.37,688116,天奈科技,tnkj,37.85,-5.4,3.61,99.01,38.23,0,225.85,350.42,630702,电力设备,shkc,C,2022-03-01,[],0,0,buy,AA-,,69.307,128.713,6.0,buy,2028-01-27,1.562,8.299,2893.93,51282.24,2.81,-6.77,,0,14:59:52,00,Y,N,0,0,Y,,2022-08-09 开始转股,计算使用1.6年期 评级为AA- 债参考YTM：1.9356,N,8.3,全价：124.569 最后更新：14:59:52,,,,0,{'M': ''},0,0,N,,,buy,buy
2026-07-06 11:47:46,118032,建龙转债,jlzz,123.417,-0.4,688357,建龙微纳,jlwn,26.8,-6.39,1.44,71.41,37.53,0,228.85,352.27,220309,基础化工,shkc,C,2023-04-07,[],0,0,buy,AA-,,49.987,92.833,26.1,buy,2029-03-08,2.674,6.999,2379.55,5242.44,2.75,-1.53,,0,14:59:14,00,Y,N,0,0,Y,,2023-09-14 开始转股,计算使用2.7年期 评级为AA- 债参考YTM：2.2297,N,7.0,全价：123.417 最后更新：14:59:14,,,,0,{'M': ''},0,0,N,,,buy,buy
2026-07-06 11:47:46,110085,通22转债,t22zz,117.196,1.1,600438,通威股份,twgf,11.64,-1.36,1.44,34.6,33.64,0,248.37,365.57,630501,电力设备,shmb,C,2022-03-18,[],0,0,buy,AAA,,24.22,44.98,22.9,buy,2028-02-24,1.638,119.831,10550.63,66583.32,0.75,-3.41,,0,14:59:44,00,Y,N,0,0,Y,,2022-09-02 开始转股,计算使用1.7年期 评级为AAA 债参考YTM：1.5638,N,120.0,全价：117.196 最后更新：14:59:44,,,,0,{'M': ''},0,0,N,,,buy,buy
2026-07-06 11:47:46,127025,冀东转债,jdzz,105.469,0.06,000401,金隅冀东,jyjd,3.54,0.0,0.36,12.91,27.42,0,284.63,390.1,610101,建筑材料,szmb,C,2020-12-02,[],0,0,buy,AAA,,9.037,16.783,19.1,buy,2026-11-05,0.334,17.764,5384.07,2391.58,2.87,1.52,,0,15:34:00,00,Y,Y,0,0,Y,,2021-05-11 开始转股,计算使用0.4年期 评级为AAA 债参考YTM：1.4646,N,28.2,全价：105.469 最后更新：15:34:00,,,,0,{'M': ''},0,0,N,,,buy,buy
2026-07-06 11:47:46,118010,洁特转债,jtzz,123.764,0.33,688026,洁特生物,jtsw,15.15,-1.56,1.78,47.95,31.6,0,291.72,415.48,370503,医药生物,shkc,C,2022-08-02,[],0,0,buy,A+,,33.565,62.335,20.7,buy,2028-06-28,1.981,4.399,1224.42,6730.34,2.25,-5.05,,0,14:57:41,00,Y,N,0,0,Y,,2023-01-04 开始转股,计算使用2.0年期 评级为A+ 债参考YTM：4.3568,N,4.4,全价：123.764 最后更新：14:57:41,,,,1,{'M': ''},0,0,N,,,buy,buy
2026-07-06 11:47:46,113633,科沃转债,kwzz,119.264,-0.49,603486,科沃斯,kws,52.9,-3.26,3.26,173.89,30.42,0,292.04,411.3,330302,家用电器,shmb,C,2021-12-29,[],0,0,buy,AA,,121.723,226.057,3.4,buy,2027-11-30,1.403,10.396,3278.75,38512.61,2.65,-4.56,,0,14:58:07,00,Y,N,0,0,N,2026-07-01 至 2026-07-07 期间暂停转股：权益分派,2022-06-06 开始转股;2026-07-01 至 2026-07-07 期间暂停转股：权益分派,计算使用1.5年期 评级为AA 债参考YTM：1.6176,N,10.4,全价：119.264 最后更新：14:58:07,,,,0,{'M': ''},0,0,N,,,buy,buy
2026-07-06 11:47:46,123072,乐歌转债,lgzz,122.029,0.52,300729,乐歌股份,lggf,10.07,0.1,0.93,32.61,30.88,0,295.17,417.2,360311,轻工制造,szcy,C,2020-11-10,[],0,0,buy,A+,,22.827,42.393,4.3,buy,2026-10-21,0.293,1.418,1249.03,2291.23,7.22,-5.73,,0,15:34:27,00,Y,N,0,0,Y,,2021-04-27 开始转股,计算使用0.3年期 评级为A+ 债参考YTM：4.0771,N,1.42,全价：122.029 最后更新：15:34:27,,,,0,[],0,0,N,,,buy,buy
2026-07-06 11:47:46,123270,盛德转债,sdzz,303.877,7.76,300881,盛德鑫泰,sdxt,38.7,-3.15,3.44,53.68,72.09,154,321.5,625.38,230501,钢铁,szcy,C,2026-06-12,[],0,0,buy,A+,,37.576,69.784,18.2,buy,2032-05-31,5.907,4.05,332677.29,9813.16,279.66,-14.97,,0,15:33:54,00,Y,N,0,0,Y,,未到转股期；2026-12-07 开始转股,计算使用6.0年期 评级为A+ 债参考YTM：5.7956,N,4.05,全价：303.877 最后更新：15:33:54,,,,0,{'M': ''},0,0,N,,,buy,buy
2026-07-06 11:47:46,123179,立高转债,lgzz,122.35,0.42,300973,立高食品,lgsp,26.1,-0.65,1.62,94.64,27.58,0,343.65,466.0,340802,食品饮料,szcy,C,2023-03-27,[],0,0,buy,AA-,,66.248,123.032,30.7,buy,2029-03-07,2.671,9.499,2342.6,8040.42,2.02,-1.12,,0,15:33:57,00,Y,N,0,0,Y,,2023-09-13 开始转股,计算使用2.7年期 评级为AA- 债参考YTM：2.2297,N,9.5,全价：122.350 最后更新：15:33:57,,,,0,{'M': ''},0,0,N,,,buy,buy
2026-07-06 11:47:46,128124,科华转债,khzz,105.695,-0.01,002022,科华生物,khsw,4.9,0.41,0.98,20.64,23.74,0,345.21,450.91,370504,医药生物,szmb,C,2020-08-20,[],0,0,buy,A,,14.448,26.832,8.9,buy,2026-07-28,0.06,2.244,1450.48,2731.91,6.11,5.02,,0,15:34:48,00,Y,N,0,0,Y,,2021-02-03 开始转股,计算使用0.1年期 评级为A 债参考YTM：6.4234,N,7.38,全价：105.695 最后更新：15:34:48,,,,0,{'R': '到期\n最后交易日：2026-07-22\n最后转股日：2026-07-27\n债券到期日：2026-07-28\n到期赎回价：106.000元/张'},0,0,N,,,buy,buy
2026-07-06 11:47:46,113059,福莱转债,flzz,120.796,0.34,601865,福莱特,flt,9.97,-2.16,1.04,41.56,23.99,0,403.54,524.34,630504,电力设备,shmb,C,2022-06-13,[],0,0,buy,AA,,29.092,54.028,21.1,buy,2028-05-20,1.874,39.999,3237.93,19549.11,0.67,-3.16,,0,14:59:52,00,Y,N,1,0,Y,转股价下修1次，成功下修0次,2022-11-28 开始转股,计算使用1.9年期 评级为AA 债参考YTM：1.6746,N,40.0,全价：120.796 最后更新：14:59:52,,,,0,{'M': ''},0,0,Y,,,buy,buy
